1649862507.89109, [172, 166, 173, 168, 182, 191, 195, 198, 255, 255]
1649862508.022536, [170, 165, 170, 168, 184, 192, 192, 196, 197, 255]
1649862508.174197, [173, 169, 178, 169, 187, 189, 193, 194, 198, 255]
1649862508.331817, [174, 169, 170, 171, 183, 192, 195, 191, 174, 255]
1649862508.47631, [177, 169, 150, 103, 85, 126, 162, 157, 139, 255]
1649862508.612223, [83, 49, 37, 38, 56, 82, 108, 106, 87, 106]
1649862508.747807, [124, 60, 44, 42, 65, 92, 113, 103, 90, 74]
1649862508.888879, [95, 76, 71, 77, 100, 113, 121, 118, 117, 88]
1649862509.031595, [122, 111, 109, 112, 122, 137, 145, 148, 150, 115]
1649862509.180285, [154, 152, 146, 144, 148, 149, 156, 151, 154, 150]
1649862509.331727, [159, 148, 139, 138, 148, 157, 166, 169, 170, 150]
1649862509.480957, [154, 150, 150, 161, 181, 194, 197, 197, 255, 176]
1649862509.633437, [177, 168, 177, 173, 188, 196, 202, 196, 255, 255]
1649862509.789474, [176, 170, 173, 175, 186, 195, 198, 197, 255, 255]
1649862509.9409542, [175, 168, 176, 172, 188, 194, 199, 201, 255, 255]
1649862510.094363, [176, 170, 175, 171, 187, 194, 200, 199, 255, 255]
1649862510.247044, [172, 170, 175, 177, 185, 196, 196, 199, 255, 255]
1649862510.4015858, [177, 170, 177, 173, 190, 195, 197, 196, 199, 255]
1649862510.554849, [174, 171, 178, 172, 188, 255, 196, 198, 255, 255]
1649862510.711057, [177, 171, 176, 175, 189, 196, 197, 202, 255, 255]
1649862510.8602738, [174, 170, 176, 174, 190, 192, 195, 199, 255, 255]
1649862511.014772, [178, 168, 177, 173, 189, 255, 199, 198, 255, 255]
