1649862543.856939, [183, 176, 189, 178, 255, 255, 255, 255, 255, 255]
1649862543.919512, [184, 176, 187, 177, 255, 255, 206, 255, 255, 255]
1649862544.074005, [181, 175, 183, 179, 255, 255, 255, 255, 255, 255]
1649862544.222962, [182, 177, 187, 182, 255, 255, 205, 255, 255, 255]
1649862544.383729, [186, 177, 188, 179, 190, 176, 193, 255, 255, 255]
1649862544.509249, [171, 80, 38, 34, 57, 137, 172, 155, 142, 255]
1649862544.647371, [72, 39, 31, 32, 84, 129, 138, 118, 101, 134]
1649862544.782851, [77, 40, 29, 26, 44, 85, 116, 99, 88, 90]
1649862544.919606, [101, 49, 37, 36, 60, 91, 114, 105, 96, 81]
1649862545.0579798, [98, 62, 52, 58, 86, 116, 128, 119, 121, 101]
1649862545.198894, [99, 88, 88, 93, 121, 132, 143, 141, 145, 129]
1649862545.350521, [127, 122, 119, 128, 146, 152, 157, 157, 167, 153]
1649862545.503521, [153, 149, 140, 144, 158, 157, 166, 166, 169, 179]
1649862545.65342, [152, 146, 140, 137, 156, 158, 169, 164, 171, 175]
1649862545.80386, [155, 149, 143, 145, 167, 183, 178, 177, 182, 180]
1649862545.963974, [179, 177, 182, 179, 196, 255, 205, 255, 255, 178]
1649862546.117357, [179, 174, 180, 178, 255, 255, 202, 255, 255, 255]
1649862546.275614, [179, 170, 181, 175, 197, 255, 200, 202, 255, 255]
1649862546.427992, [177, 171, 177, 172, 193, 255, 202, 203, 255, 255]
1649862546.585642, [175, 170, 176, 176, 193, 196, 202, 201, 255, 255]
1649862546.740823, [175, 171, 179, 173, 192, 195, 202, 201, 255, 255]
1649862546.898707, [177, 171, 176, 173, 191, 255, 202, 202, 255, 255]
