1649862548.932215, [179, 171, 177, 174, 192, 196, 204, 202, 255, 255]
1649862549.08696, [177, 170, 178, 173, 193, 255, 203, 201, 255, 255]
1649862549.24496, [177, 172, 178, 175, 196, 255, 201, 198, 255, 255]
1649862549.400429, [176, 170, 180, 177, 192, 197, 202, 255, 255, 255]
1649862549.556397, [178, 171, 181, 175, 196, 255, 201, 202, 255, 255]
1649862549.710507, [178, 172, 179, 179, 193, 255, 203, 202, 255, 255]
1649862549.862832, [175, 173, 179, 178, 255, 195, 189, 104, 56, 255]
1649862550.0059688, [178, 174, 178, 174, 190, 93, 53, 37, 35, 48]
1649862550.147922, [179, 176, 181, 178, 146, 52, 44, 40, 46, 45]
1649862550.283185, [179, 171, 177, 169, 110, 70, 67, 66, 71, 66]
1649862550.4269922, [179, 173, 173, 158, 115, 87, 92, 84, 88, 88]
1649862550.573899, [180, 171, 168, 150, 125, 105, 116, 116, 116, 100]
1649862550.719007, [178, 170, 166, 162, 147, 131, 143, 134, 134, 124]
1649862550.8710558, [178, 173, 174, 167, 167, 150, 162, 171, 178, 140]
1649862551.02723, [178, 173, 178, 178, 194, 255, 204, 203, 255, 191]
1649862551.1809301, [178, 171, 177, 176, 191, 255, 202, 198, 255, 255]
1649862551.339767, [180, 172, 179, 174, 194, 255, 199, 202, 255, 255]
1649862551.4935942, [181, 172, 181, 174, 191, 255, 201, 199, 255, 255]
1649862551.65264, [177, 169, 178, 173, 191, 255, 199, 199, 255, 255]
1649862551.8044941, [177, 169, 175, 173, 191, 197, 201, 202, 255, 255]
1649862551.9636421, [177, 171, 175, 175, 191, 197, 199, 198, 255, 255]
