1649862427.1682181, [178, 173, 178, 176, 189, 195, 196, 198, 255, 255]
1649862427.226349, [179, 172, 179, 173, 187, 255, 202, 196, 255, 255]
1649862427.3585439, [180, 174, 177, 173, 188, 255, 197, 197, 255, 255]
1649862427.5319638, [180, 170, 180, 177, 189, 255, 197, 191, 186, 255]
1649862427.670055, [179, 173, 181, 173, 188, 187, 190, 182, 174, 167]
1649862427.820245, [179, 175, 180, 176, 188, 190, 190, 185, 175, 164]
1649862427.971908, [179, 174, 180, 179, 188, 186, 186, 182, 162, 161]
1649862428.197155, [181, 175, 182, 176, 190, 182, 178, 163, 137, 147]
1649862428.274688, [178, 175, 181, 171, 188, 179, 173, 144, 107, 117]
1649862428.420609, [181, 172, 181, 177, 189, 175, 149, 106, 69, 82]
1649862428.590938, [180, 175, 178, 178, 191, 188, 147, 71, 40, 56]
1649862428.7115352, [183, 177, 177, 175, 193, 191, 150, 46, 27, 35]
1649862428.883355, [183, 174, 182, 176, 188, 185, 98, 36, 26, 27]
1649862429.007382, [182, 172, 179, 178, 186, 194, 195, 199, 197, 26]
1649862429.241714, [178, 171, 176, 169, 181, 193, 193, 192, 195, 255]
1649862429.312553, [177, 172, 173, 169, 183, 193, 192, 193, 194, 255]
1649862429.558591, [176, 170, 175, 171, 182, 193, 191, 192, 197, 255]
1649862429.616837, [174, 168, 171, 168, 181, 187, 191, 188, 194, 255]
1649862429.7928162, [170, 166, 169, 168, 180, 189, 187, 189, 195, 255]
1649862429.9515579, [174, 167, 170, 167, 182, 189, 190, 189, 189, 255]
1649862430.073539, [172, 166, 170, 166, 180, 187, 187, 190, 195, 255]
1649862430.236011, [171, 163, 169, 165, 181, 184, 187, 193, 194, 255]
1649862430.379113, [168, 165, 170, 167, 179, 186, 187, 190, 192, 255]
1649862430.5281081, [170, 167, 167, 164, 180, 186, 189, 191, 194, 255]
1649862430.681221, [171, 165, 172, 162, 179, 188, 187, 189, 194, 255]
1649862431.006379, [171, 166, 169, 164, 178, 188, 190, 189, 194, 255]
1649862431.038839, [172, 164, 166, 167, 181, 191, 187, 188, 192, 255]
1649862431.136294, [172, 166, 172, 166, 181, 187, 191, 189, 196, 255]
1649862431.290268, [170, 164, 172, 165, 179, 189, 192, 192, 194, 255]
1649862431.447469, [174, 166, 168, 168, 178, 186, 190, 189, 192, 255]
