1649862398.0662131, [170, 169, 172, 167, 185, 189, 190, 192, 194, 255]
1649862398.22241, [172, 165, 170, 166, 185, 188, 189, 189, 192, 255]
1649862398.370931, [173, 166, 172, 166, 181, 188, 187, 192, 195, 255]
1649862398.524818, [173, 164, 169, 168, 179, 188, 188, 191, 194, 255]
1649862398.816839, [175, 167, 174, 169, 182, 193, 191, 190, 193, 255]
1649862398.846833, [175, 164, 172, 168, 181, 189, 192, 188, 193, 255]
1649862398.9814, [176, 166, 175, 169, 186, 186, 191, 188, 193, 255]
1649862399.209931, [173, 166, 173, 170, 186, 190, 191, 189, 195, 255]
1649862399.285646, [174, 167, 165, 154, 159, 157, 160, 152, 160, 255]
1649862399.4347699, [166, 153, 147, 140, 151, 149, 154, 145, 140, 170]
1649862399.578959, [169, 158, 152, 136, 132, 129, 129, 123, 122, 140]
1649862399.868512, [174, 153, 145, 118, 94, 80, 80, 76, 85, 120]
1649862399.899283, [177, 171, 164, 119, 63, 45, 45, 40, 49, 101]
1649862399.995093, [179, 168, 174, 153, 47, 28, 29, 29, 33, 73]
1649862400.130104, [178, 169, 175, 161, 45, 25, 31, 33, 44, 62]
1649862400.27037, [178, 169, 157, 80, 56, 49, 63, 70, 80, 116]
1649862400.41947, [176, 169, 174, 169, 185, 189, 188, 186, 192, 97]
1649862400.571027, [171, 168, 173, 167, 183, 185, 187, 190, 196, 255]
1649862400.729504, [169, 167, 167, 164, 179, 188, 188, 189, 193, 255]
1649862400.916901, [173, 164, 167, 161, 180, 185, 185, 189, 190, 255]
1649862401.028717, [170, 164, 168, 161, 182, 183, 190, 188, 190, 255]
1649862401.182574, [172, 164, 168, 168, 178, 184, 188, 186, 195, 255]
1649862401.3357399, [172, 163, 169, 168, 181, 186, 187, 186, 189, 255]
1649862401.485281, [172, 167, 169, 166, 180, 187, 187, 186, 198, 255]
1649862401.639266, [174, 165, 168, 165, 179, 185, 189, 189, 193, 255]
1649862401.790297, [169, 164, 172, 169, 182, 186, 189, 186, 195, 255]
