1649860479.001055, [195, 186, 255, 132, 255, 255, 255, 255, 255, 255]
1649860479.155367, [195, 185, 255, 133, 255, 255, 255, 255, 255, 255]
1649860479.324519, [194, 187, 255, 135, 255, 255, 255, 255, 255, 255]
1649860479.4899452, [195, 186, 255, 136, 255, 255, 255, 255, 255, 255]
1649860479.673152, [193, 189, 255, 132, 255, 255, 255, 255, 255, 255]
1649860479.819964, [197, 189, 255, 133, 255, 255, 255, 255, 255, 255]
1649860480.013082, [197, 189, 193, 130, 255, 255, 255, 255, 255, 255]
1649860480.173422, [190, 188, 255, 127, 255, 255, 255, 255, 255, 255]
1649860480.374909, [197, 185, 255, 130, 255, 255, 255, 255, 255, 255]
1649860480.48249, [193, 185, 255, 127, 255, 255, 255, 255, 255, 255]
1649860480.648878, [192, 188, 255, 131, 255, 255, 255, 255, 255, 255]
1649860480.814212, [194, 185, 255, 134, 255, 255, 255, 255, 255, 255]
1649860481.0297432, [194, 187, 255, 131, 255, 255, 255, 255, 255, 255]
1649860481.145161, [195, 185, 193, 128, 255, 255, 255, 255, 255, 255]
1649860481.310348, [194, 188, 193, 130, 255, 255, 255, 255, 255, 255]
1649860481.476827, [196, 187, 255, 134, 255, 255, 255, 255, 255, 255]
1649860481.642266, [197, 188, 255, 132, 255, 255, 255, 255, 255, 255]
1649860481.8101609, [194, 187, 255, 137, 255, 255, 255, 255, 255, 255]
1649860482.08413, [197, 186, 193, 131, 255, 255, 255, 255, 255, 255]
1649860482.138437, [196, 186, 255, 134, 255, 255, 255, 255, 255, 255]
1649860482.324437, [194, 186, 255, 128, 255, 255, 255, 255, 255, 255]
1649860482.474933, [193, 187, 255, 126, 255, 255, 255, 255, 255, 255]
1649860482.6334589, [197, 187, 255, 126, 255, 255, 255, 255, 255, 255]
1649860482.801392, [197, 186, 255, 134, 255, 255, 255, 255, 255, 255]
1649860482.96712, [195, 186, 255, 130, 255, 255, 255, 255, 255, 255]
1649860483.157585, [193, 187, 255, 130, 255, 255, 255, 255, 255, 255]
1649860483.295616, [198, 188, 255, 130, 255, 255, 255, 255, 255, 255]
1649860483.524679, [199, 190, 255, 134, 255, 255, 255, 255, 255, 255]
1649860483.651287, [196, 190, 255, 132, 255, 255, 255, 255, 255, 255]
1649860483.794136, [195, 185, 255, 129, 255, 255, 255, 255, 255, 255]
1649860483.9608908, [194, 187, 255, 132, 255, 255, 255, 255, 255, 255]
1649860484.171849, [194, 189, 255, 133, 255, 255, 255, 255, 255, 255]
1649860484.295168, [193, 190, 255, 136, 255, 255, 255, 255, 255, 255]
1649860484.473763, [197, 184, 255, 130, 255, 255, 255, 255, 255, 255]
1649860484.6270661, [195, 184, 255, 126, 255, 255, 255, 255, 255, 255]
1649860484.792149, [197, 188, 255, 128, 255, 255, 255, 255, 255, 255]
1649860484.9862962, [195, 191, 255, 130, 255, 255, 255, 255, 255, 255]
1649860485.23208, [194, 188, 255, 130, 255, 255, 255, 255, 255, 255]
1649860485.294229, [196, 189, 255, 134, 255, 255, 255, 255, 255, 255]
1649860485.4562821, [198, 188, 255, 129, 255, 255, 255, 255, 255, 255]
1649860485.6275961, [198, 188, 192, 127, 255, 255, 255, 255, 255, 255]
1649860487.099596, [195, 187, 255, 130, 255, 255, 255, 255, 255, 255]
1649860487.135353, [191, 183, 255, 135, 255, 255, 255, 255, 255, 255]
1649860487.135542, [196, 187, 255, 133, 255, 255, 255, 255, 255, 255]
1649860487.135674, [194, 188, 255, 130, 255, 255, 255, 255, 255, 255]
1649860487.135798, [197, 190, 255, 131, 255, 255, 255, 255, 255, 255]
1649860487.135933, [194, 182, 255, 129, 255, 255, 255, 255, 255, 255]
1649860487.136054, [196, 187, 255, 130, 255, 255, 255, 255, 255, 255]
1649860487.13623, [196, 189, 255, 130, 255, 255, 255, 255, 255, 255]
1649860487.1367412, [195, 185, 255, 133, 255, 255, 255, 255, 255, 255]
1649860487.327762, [194, 191, 255, 136, 255, 255, 255, 255, 255, 255]
1649860487.4427872, [194, 184, 255, 133, 255, 255, 255, 255, 255, 255]
1649860487.608454, [192, 189, 255, 137, 255, 255, 255, 255, 255, 255]
1649860487.774358, [198, 188, 255, 123, 255, 255, 255, 255, 255, 255]
1649860487.9569888, [195, 188, 255, 124, 255, 255, 255, 255, 255, 255]
1649860488.105828, [197, 185, 255, 129, 255, 255, 255, 255, 255, 255]
1649860488.378745, [199, 188, 192, 128, 255, 255, 255, 255, 255, 255]
1649860488.4386618, [196, 184, 255, 126, 255, 255, 255, 255, 255, 255]
1649860488.6029398, [199, 190, 255, 124, 255, 255, 255, 255, 255, 255]
1649860488.771884, [193, 186, 255, 125, 255, 255, 255, 255, 255, 255]
1649860488.95645, [197, 191, 255, 123, 255, 255, 255, 255, 255, 255]
1649860489.120223, [196, 188, 255, 128, 255, 255, 255, 255, 255, 255]
1649860489.427572, [195, 189, 255, 129, 255, 255, 255, 255, 255, 255]
1649860489.487247, [195, 184, 255, 113, 255, 255, 255, 255, 255, 255]
1649860489.620241, [189, 181, 188, 117, 194, 255, 255, 255, 255, 255]
1649860489.819485, [186, 178, 185, 41, 187, 255, 200, 203, 255, 255]
1649860489.944084, [183, 173, 175, 162, 180, 190, 199, 193, 255, 255]
1649860490.1035001, [176, 171, 174, 161, 186, 194, 196, 193, 197, 255]
1649860490.265355, [178, 170, 174, 162, 185, 192, 194, 190, 198, 255]
1649860490.465873, [175, 171, 173, 160, 183, 190, 196, 192, 255, 255]
1649860490.586294, [173, 170, 176, 157, 186, 189, 197, 192, 255, 255]
1649860490.7430851, [181, 173, 173, 161, 185, 190, 193, 191, 255, 255]
1649860490.914363, [177, 169, 175, 158, 181, 192, 195, 195, 255, 255]
1649860491.085301, [183, 172, 176, 162, 184, 192, 195, 195, 255, 255]
1649860491.246892, [177, 171, 178, 160, 183, 196, 200, 195, 255, 255]
1649860491.51581, [179, 172, 177, 154, 184, 195, 195, 195, 255, 255]
1649860493.158231, [177, 168, 180, 155, 183, 196, 197, 197, 255, 255]
1649860493.193867, [180, 174, 177, 160, 188, 192, 199, 193, 255, 255]
1649860493.1940658, [178, 172, 178, 161, 188, 196, 196, 195, 255, 255]
1649860493.194209, [183, 176, 182, 162, 186, 194, 199, 197, 255, 255]
1649860493.194338, [180, 172, 178, 166, 189, 192, 202, 196, 255, 255]
1649860493.1944609, [182, 171, 179, 163, 188, 255, 199, 193, 255, 255]
1649860493.194581, [183, 176, 177, 153, 190, 195, 201, 194, 255, 255]
1649860493.194701, [178, 176, 180, 161, 187, 195, 197, 196, 255, 255]
1649860493.194818, [182, 174, 179, 159, 189, 255, 199, 195, 255, 255]
1649860493.194942, [180, 172, 180, 163, 191, 194, 195, 196, 255, 255]
1649860493.195333, [179, 175, 179, 164, 191, 192, 199, 198, 255, 255]
1649860493.3031738, [181, 174, 183, 165, 187, 197, 203, 198, 255, 255]
1649860493.465112, [184, 170, 178, 160, 187, 196, 204, 200, 255, 255]
1649860493.626815, [181, 175, 179, 160, 185, 195, 198, 199, 255, 255]
1649860493.7870731, [182, 174, 179, 166, 187, 255, 200, 199, 255, 255]
1649860493.946483, [183, 174, 182, 163, 187, 193, 201, 201, 255, 255]
1649860494.109355, [183, 176, 179, 161, 190, 195, 199, 199, 255, 255]
1649860494.2700229, [182, 177, 181, 157, 191, 195, 199, 198, 255, 255]
1649860494.432341, [183, 176, 181, 162, 194, 255, 202, 201, 255, 255]
1649860494.5954812, [185, 176, 181, 161, 188, 255, 200, 202, 255, 255]
1649860494.756248, [184, 174, 181, 161, 192, 196, 202, 199, 255, 255]
1649860494.916909, [182, 173, 178, 156, 187, 255, 199, 198, 255, 255]
1649860495.080854, [183, 175, 182, 156, 188, 255, 200, 200, 255, 255]
1649860495.242381, [180, 174, 179, 161, 185, 255, 202, 199, 255, 255]
1649860495.403218, [182, 172, 181, 160, 189, 255, 198, 198, 255, 255]
1649860495.564416, [180, 173, 182, 168, 187, 255, 203, 200, 255, 255]
1649860496.598586, [181, 177, 183, 163, 190, 255, 201, 198, 255, 255]
1649860496.635933, [183, 174, 182, 159, 187, 255, 199, 199, 255, 255]
1649860496.6361542, [184, 176, 181, 161, 194, 196, 201, 199, 255, 255]
1649860496.63629, [183, 175, 181, 165, 191, 255, 202, 198, 255, 255]
1649860496.636409, [184, 174, 181, 161, 189, 255, 202, 200, 255, 255]
1649860496.6367161, [185, 173, 186, 158, 194, 255, 206, 200, 255, 255]
1649860496.698245, [184, 175, 185, 159, 188, 255, 206, 200, 255, 255]
1649860496.86624, [185, 174, 180, 161, 191, 196, 203, 199, 255, 255]
1649860497.019609, [181, 176, 181, 158, 191, 255, 202, 201, 255, 255]
1649860497.180682, [181, 174, 186, 160, 192, 255, 204, 199, 255, 255]
1649860497.346199, [184, 175, 182, 162, 193, 255, 200, 202, 255, 255]
1649860497.504769, [184, 176, 183, 162, 189, 255, 202, 202, 255, 255]
1649860497.670826, [184, 173, 181, 162, 192, 255, 202, 200, 255, 255]
1649860497.830158, [182, 174, 185, 159, 193, 255, 205, 198, 255, 255]
1649860497.9961631, [185, 174, 181, 163, 190, 255, 201, 199, 255, 255]
1649860498.153934, [184, 176, 183, 159, 189, 197, 200, 199, 255, 255]
1649860498.3188322, [185, 175, 182, 158, 188, 255, 199, 203, 255, 255]
1649860498.481687, [183, 173, 181, 161, 190, 255, 202, 203, 255, 255]
1649860498.641046, [186, 178, 182, 157, 192, 255, 203, 201, 255, 255]
1649860498.801419, [185, 177, 184, 163, 189, 197, 201, 199, 255, 255]
1649860498.984906, [183, 179, 183, 161, 191, 255, 207, 255, 255, 255]
1649860499.145449, [182, 176, 184, 161, 192, 255, 201, 202, 255, 255]
1649860499.404413, [182, 175, 182, 158, 190, 255, 203, 198, 255, 255]
1649860499.4682891, [182, 176, 183, 158, 194, 255, 202, 202, 255, 255]
1649860499.6325068, [182, 172, 183, 160, 190, 255, 204, 201, 255, 255]
1649860499.794324, [181, 177, 184, 161, 190, 197, 206, 201, 255, 255]
1649860499.954678, [185, 176, 184, 160, 193, 255, 202, 202, 255, 255]
1649860500.119411, [183, 175, 182, 164, 191, 255, 201, 199, 255, 255]
1649860500.2816792, [184, 178, 180, 160, 193, 196, 201, 202, 255, 255]
1649860500.4440079, [184, 176, 185, 160, 191, 255, 205, 202, 255, 255]
1649860500.603125, [183, 177, 183, 162, 193, 197, 201, 202, 255, 255]
1649860500.767916, [183, 177, 183, 158, 191, 255, 201, 198, 255, 255]
1649860500.9291909, [184, 177, 184, 163, 193, 255, 200, 200, 255, 255]
1649860501.0924501, [183, 177, 182, 161, 195, 255, 203, 202, 255, 255]
1649860501.2526379, [184, 175, 184, 160, 193, 197, 205, 199, 255, 255]
1649860501.417108, [184, 177, 180, 161, 192, 255, 201, 199, 255, 255]
1649860501.579041, [183, 179, 182, 161, 190, 255, 205, 200, 255, 255]
1649860501.7412841, [183, 177, 181, 160, 190, 255, 201, 200, 255, 255]
1649860501.90534, [186, 176, 183, 164, 192, 255, 205, 200, 255, 255]
1649860502.0619252, [181, 178, 185, 162, 190, 196, 255, 200, 255, 255]
1649860502.2277818, [186, 177, 181, 162, 194, 196, 203, 202, 255, 255]
1649860502.390166, [184, 174, 180, 165, 192, 255, 203, 200, 255, 255]
1649860502.551831, [185, 177, 184, 158, 186, 255, 204, 203, 255, 255]
1649860502.713216, [185, 173, 183, 156, 192, 195, 201, 200, 255, 255]
1649860502.874549, [179, 173, 181, 158, 187, 255, 198, 199, 255, 255]
1649860503.03702, [183, 176, 181, 158, 188, 197, 200, 198, 255, 255]
1649860503.1980102, [180, 170, 174, 163, 184, 197, 195, 195, 199, 255]
1649860503.358241, [176, 170, 173, 156, 183, 194, 195, 195, 255, 255]
1649860503.5170429, [177, 173, 173, 155, 185, 190, 198, 195, 255, 255]
1649860503.678727, [177, 172, 175, 161, 188, 190, 195, 195, 198, 255]
1649860503.8371258, [181, 172, 175, 160, 182, 194, 198, 194, 255, 255]
1649860504.018343, [179, 172, 178, 161, 183, 194, 196, 193, 255, 255]
1649860504.159486, [179, 169, 175, 163, 187, 193, 197, 196, 255, 255]
1649860504.32041, [179, 172, 178, 161, 184, 192, 198, 197, 255, 255]
1649860504.480546, [179, 173, 174, 161, 184, 195, 200, 194, 255, 255]
1649860505.753716, [180, 168, 175, 161, 187, 194, 196, 196, 255, 255]
1649860505.789261, [176, 169, 175, 162, 186, 194, 197, 194, 255, 255]
1649860505.789454, [178, 172, 177, 162, 183, 196, 194, 196, 255, 255]
1649860505.789588, [178, 175, 177, 159, 185, 191, 198, 194, 255, 255]
1649860505.789709, [179, 171, 174, 158, 183, 194, 198, 196, 255, 255]
1649860505.789829, [178, 171, 174, 158, 187, 194, 200, 193, 255, 255]
1649860505.789948, [180, 172, 176, 161, 185, 190, 198, 195, 255, 255]
1649860505.790433, [179, 172, 175, 162, 185, 191, 196, 195, 255, 255]
1649860505.9130461, [177, 172, 179, 160, 183, 255, 197, 192, 255, 255]
1649860506.075109, [177, 171, 174, 161, 186, 196, 196, 194, 255, 255]
1649860506.233602, [182, 175, 178, 161, 185, 255, 198, 193, 255, 255]
1649860506.3949282, [179, 172, 179, 163, 181, 190, 197, 196, 255, 255]
1649860506.555893, [179, 172, 177, 166, 185, 192, 197, 194, 255, 255]
1649860506.716587, [180, 173, 176, 162, 184, 194, 197, 192, 255, 255]
1649860506.8759081, [179, 172, 176, 160, 186, 195, 195, 199, 255, 255]
1649860507.034379, [179, 171, 178, 158, 187, 255, 198, 198, 255, 255]
1649860507.1939268, [180, 173, 176, 163, 186, 195, 196, 194, 255, 255]
1649860507.353348, [181, 171, 179, 161, 186, 196, 202, 198, 255, 255]
1649860507.512363, [181, 174, 178, 159, 186, 196, 198, 195, 255, 255]
1649860507.675227, [180, 169, 176, 162, 188, 192, 198, 196, 255, 255]
1649860507.8336608, [182, 173, 173, 162, 185, 196, 199, 192, 255, 255]
1649860507.9950879, [180, 173, 177, 164, 187, 191, 197, 194, 255, 255]
1649860508.1555562, [178, 172, 176, 159, 186, 255, 198, 200, 255, 255]
1649860508.3147829, [181, 170, 175, 162, 186, 255, 200, 194, 255, 255]
1649860508.476668, [180, 172, 177, 165, 185, 195, 198, 195, 255, 255]
1649860508.633044, [181, 170, 178, 161, 182, 191, 197, 198, 255, 255]
1649860508.791991, [180, 168, 178, 159, 184, 195, 197, 195, 255, 255]
1649860508.973071, [180, 170, 179, 161, 186, 197, 195, 196, 255, 255]
1649860509.1321979, [182, 171, 175, 160, 186, 195, 195, 197, 255, 255]
1649860509.2959309, [177, 173, 178, 160, 184, 192, 198, 198, 255, 255]
1649860509.4559019, [180, 172, 176, 163, 186, 192, 199, 197, 255, 255]
1649860509.615458, [180, 173, 177, 158, 181, 193, 200, 197, 255, 255]
1649860509.775358, [178, 172, 178, 162, 183, 196, 197, 200, 255, 255]
1649860509.9377081, [177, 175, 182, 163, 186, 194, 195, 196, 255, 255]
1649860510.092848, [179, 172, 175, 161, 184, 196, 198, 193, 255, 255]
1649860510.255723, [178, 170, 179, 163, 185, 255, 196, 195, 255, 255]
1649860510.415699, [179, 172, 177, 162, 183, 192, 195, 195, 255, 255]
1649860510.5776398, [179, 173, 179, 159, 185, 197, 197, 192, 199, 255]
1649860510.736932, [182, 170, 179, 166, 186, 195, 197, 200, 255, 255]
1649860512.1153321, [180, 173, 174, 159, 187, 196, 197, 197, 255, 255]
1649860512.14977, [179, 172, 178, 163, 189, 197, 195, 193, 255, 255]
1649860512.149961, [178, 171, 178, 165, 185, 194, 198, 196, 255, 255]
1649860512.150096, [179, 172, 177, 160, 186, 194, 198, 197, 255, 255]
1649860512.15022, [179, 170, 178, 159, 187, 255, 197, 196, 255, 255]
1649860512.150344, [180, 173, 178, 157, 186, 194, 196, 199, 255, 255]
1649860512.150464, [179, 171, 178, 160, 186, 255, 197, 196, 255, 255]
1649860512.150667, [180, 174, 178, 163, 185, 195, 195, 198, 255, 255]
1649860512.192097, [180, 176, 177, 160, 191, 193, 198, 197, 255, 255]
1649860512.351514, [177, 174, 178, 161, 186, 193, 199, 196, 255, 255]
1649860512.5141451, [180, 170, 176, 162, 187, 190, 198, 196, 255, 255]
1649860512.6983528, [177, 173, 182, 162, 188, 189, 197, 195, 255, 255]
1649860512.836229, [182, 171, 176, 162, 190, 191, 201, 195, 199, 255]
1649860512.99146, [178, 172, 177, 161, 186, 255, 198, 195, 255, 255]
