1649862538.750133, [177, 169, 179, 172, 193, 255, 199, 199, 255, 255]
1649862538.8671548, [176, 168, 175, 176, 193, 255, 202, 200, 255, 255]
1649862539.104459, [175, 171, 176, 174, 192, 194, 201, 201, 255, 255]
1649862539.176446, [175, 175, 175, 175, 192, 197, 198, 200, 255, 255]
1649862539.332932, [176, 169, 178, 175, 192, 197, 202, 202, 255, 255]
1649862539.6353972, [174, 172, 179, 176, 194, 255, 199, 201, 255, 255]
1649862539.6683, [175, 170, 178, 169, 193, 141, 64, 42, 44, 192]
1649862539.7741451, [178, 173, 180, 163, 60, 37, 39, 44, 70, 76]
1649862539.912985, [178, 176, 179, 164, 66, 36, 34, 36, 49, 111]
1649862540.150686, [177, 173, 178, 145, 67, 47, 48, 52, 65, 80]
1649862540.186497, [177, 172, 161, 124, 81, 63, 70, 72, 86, 85]
1649862540.330127, [178, 165, 142, 117, 101, 91, 101, 100, 114, 104]
1649862540.489277, [176, 160, 145, 132, 131, 130, 135, 132, 137, 124]
1649862540.6789918, [172, 156, 154, 144, 150, 152, 155, 153, 153, 147]
1649862540.797069, [178, 173, 181, 177, 191, 255, 202, 255, 255, 155]
1649862540.935018, [179, 176, 180, 176, 194, 255, 201, 202, 255, 255]
1649862541.198465, [176, 172, 179, 175, 194, 255, 201, 203, 255, 255]
1649862541.2452888, [177, 171, 179, 176, 193, 196, 199, 203, 255, 255]
1649862541.425472, [179, 171, 180, 173, 192, 255, 202, 201, 255, 255]
1649862541.559874, [173, 170, 181, 173, 193, 196, 198, 198, 255, 255]
