1649862528.6739998, [178, 172, 179, 174, 194, 197, 203, 202, 255, 255]
1649862528.8281732, [179, 172, 177, 174, 193, 255, 202, 203, 255, 255]
1649862528.9814348, [177, 171, 182, 176, 192, 255, 201, 203, 255, 255]
1649862529.141654, [179, 173, 178, 181, 195, 255, 202, 255, 255, 255]
1649862529.292272, [177, 174, 182, 180, 195, 255, 204, 200, 255, 255]
1649862529.4427671, [181, 176, 180, 176, 255, 255, 204, 177, 89, 255]
1649862529.589459, [182, 176, 182, 177, 196, 195, 187, 72, 38, 48]
1649862529.7324119, [181, 176, 179, 179, 255, 172, 71, 41, 36, 34]
1649862529.873826, [184, 177, 180, 176, 119, 56, 52, 51, 67, 40]
1649862530.019176, [182, 174, 150, 106, 74, 65, 77, 84, 119, 109]
1649862530.155823, [176, 137, 103, 82, 84, 102, 111, 123, 130, 129]
1649862530.2995079, [145, 114, 101, 100, 111, 131, 136, 136, 133, 127]
1649862530.44771, [135, 127, 122, 123, 134, 135, 142, 141, 139, 133]
1649862530.590949, [151, 141, 136, 130, 137, 137, 148, 144, 138, 144]
1649862530.742014, [147, 137, 134, 134, 152, 162, 171, 174, 182, 146]
1649862530.8953831, [178, 178, 184, 176, 255, 255, 255, 255, 255, 192]
1649862531.0494452, [179, 175, 184, 178, 193, 255, 203, 200, 255, 255]
1649862531.206273, [177, 172, 183, 175, 195, 196, 201, 200, 255, 255]
1649862531.361856, [181, 173, 182, 176, 197, 255, 202, 203, 255, 255]
1649862531.51901, [179, 174, 182, 174, 191, 255, 203, 200, 255, 255]
1649862531.6748319, [177, 172, 180, 176, 192, 255, 197, 201, 255, 255]
