1649862568.700171, [179, 173, 182, 180, 255, 255, 205, 255, 255, 255]
1649862568.8583071, [182, 176, 182, 176, 255, 255, 205, 204, 255, 255]
1649862569.016437, [179, 179, 181, 176, 195, 255, 201, 255, 255, 255]
1649862569.1724658, [182, 175, 183, 181, 196, 255, 255, 255, 255, 255]
1649862569.329118, [183, 177, 182, 184, 255, 255, 204, 190, 180, 255]
1649862569.475647, [183, 177, 183, 176, 139, 99, 96, 80, 88, 189]
1649862569.611928, [182, 180, 168, 133, 81, 58, 57, 54, 60, 112]
1649862569.751328, [182, 173, 160, 128, 82, 57, 53, 54, 57, 77]
1649862569.8883672, [179, 169, 147, 119, 84, 58, 53, 51, 54, 68]
1649862570.022083, [179, 157, 141, 121, 89, 57, 51, 48, 49, 63]
1649862570.1589189, [175, 152, 144, 124, 99, 61, 54, 43, 46, 61]
1649862570.294776, [176, 148, 140, 124, 110, 70, 58, 46, 39, 55]
1649862570.4307368, [177, 150, 146, 128, 119, 79, 61, 46, 40, 44]
1649862570.5731058, [180, 163, 158, 146, 133, 115, 102, 65, 44, 41]
1649862570.715359, [180, 165, 163, 148, 131, 112, 110, 68, 41, 35]
1649862570.8547132, [178, 156, 152, 129, 125, 114, 114, 103, 76, 34]
1649862571.0023448, [144, 124, 114, 117, 143, 175, 203, 255, 255, 42]
1649862571.158796, [181, 179, 182, 181, 255, 255, 207, 204, 255, 255]
1649862571.3174021, [183, 176, 180, 178, 197, 255, 207, 203, 255, 255]
1649862571.475749, [183, 176, 180, 178, 255, 255, 204, 255, 255, 255]
1649862571.633467, [180, 176, 176, 181, 196, 255, 206, 255, 255, 255]
1649862571.789987, [178, 173, 180, 177, 255, 255, 205, 255, 255, 255]
1649862571.9489229, [182, 177, 184, 175, 196, 255, 204, 255, 255, 255]
1649862572.111406, [182, 178, 183, 179, 255, 255, 204, 255, 255, 255]
