1649862449.2513, [179, 169, 175, 171, 187, 193, 191, 195, 255, 255]
1649862449.366414, [179, 168, 171, 173, 189, 194, 194, 193, 255, 255]
1649862449.4942951, [174, 172, 174, 169, 188, 196, 198, 197, 255, 255]
1649862449.657084, [179, 171, 173, 171, 192, 193, 196, 195, 189, 255]
1649862449.871325, [177, 171, 171, 168, 174, 182, 186, 182, 189, 192]
1649862449.950382, [170, 160, 155, 150, 154, 155, 149, 138, 133, 180]
1649862450.096603, [155, 146, 141, 133, 134, 129, 120, 114, 108, 127]
1649862450.253288, [158, 134, 123, 115, 112, 114, 109, 103, 106, 100]
1649862450.379741, [177, 164, 149, 122, 86, 63, 65, 57, 63, 98]
1649862450.509692, [175, 173, 171, 174, 154, 64, 47, 38, 36, 74]
1649862450.6489139, [177, 172, 174, 174, 186, 140, 56, 31, 26, 39]
1649862450.922266, [175, 174, 171, 175, 187, 182, 162, 47, 24, 24]
1649862450.9537768, [180, 173, 176, 173, 187, 193, 194, 191, 255, 21]
1649862451.098952, [177, 170, 173, 173, 187, 193, 193, 194, 197, 255]
1649862451.3043652, [174, 172, 173, 173, 189, 192, 194, 192, 196, 255]
1649862451.406556, [172, 170, 173, 173, 187, 191, 192, 197, 197, 255]
1649862451.558742, [177, 169, 171, 171, 185, 190, 193, 191, 197, 255]
1649862451.7134342, [174, 168, 172, 169, 185, 196, 194, 194, 255, 255]
1649862451.969023, [176, 172, 171, 172, 184, 191, 195, 194, 255, 255]
1649862452.021155, [175, 167, 174, 172, 184, 188, 193, 194, 196, 255]
