1649862523.662328, [175, 172, 180, 171, 187, 255, 201, 202, 255, 255]
1649862523.816581, [176, 172, 179, 175, 193, 255, 201, 198, 255, 255]
1649862523.976017, [177, 171, 178, 175, 195, 255, 199, 199, 255, 255]
1649862524.130616, [179, 174, 179, 172, 191, 255, 203, 201, 255, 255]
1649862524.281311, [178, 173, 180, 177, 192, 255, 199, 197, 165, 255]
1649862524.432123, [179, 173, 181, 175, 191, 197, 194, 122, 55, 74]
1649862524.576633, [179, 170, 178, 174, 197, 190, 149, 61, 39, 41]
1649862524.717643, [177, 173, 178, 177, 196, 165, 92, 55, 43, 33]
1649862524.861034, [179, 171, 181, 171, 180, 108, 83, 69, 60, 44]
1649862525.0009449, [180, 174, 177, 174, 148, 94, 93, 82, 78, 70]
1649862525.14685, [177, 172, 174, 165, 129, 101, 103, 98, 96, 85]
1649862525.2955148, [178, 170, 163, 149, 130, 117, 125, 117, 117, 100]
1649862525.437522, [178, 169, 157, 149, 147, 131, 141, 133, 132, 120]
1649862525.5842922, [178, 166, 159, 157, 155, 140, 149, 142, 138, 137]
1649862525.734547, [177, 167, 160, 158, 152, 142, 149, 144, 142, 139]
1649862525.8877, [175, 171, 170, 169, 172, 187, 196, 201, 255, 144]
1649862526.042974, [178, 173, 179, 177, 192, 255, 201, 199, 255, 255]
1649862526.194478, [178, 171, 181, 173, 191, 194, 202, 198, 255, 255]
1649862526.350455, [177, 169, 178, 174, 186, 195, 200, 198, 255, 255]
1649862526.503922, [176, 170, 178, 172, 192, 195, 202, 200, 255, 255]
1649862526.6568, [177, 171, 177, 178, 196, 255, 200, 203, 255, 255]
1649862526.8130739, [177, 172, 176, 174, 192, 255, 200, 201, 255, 255]
