1649862533.540711, [175, 170, 180, 177, 191, 255, 200, 203, 255, 255]
1649862533.694744, [177, 172, 180, 174, 192, 255, 199, 202, 255, 255]
1649862533.852133, [178, 169, 178, 174, 193, 255, 205, 202, 255, 255]
1649862534.00355, [180, 173, 181, 179, 196, 196, 184, 129, 113, 255]
1649862534.1502552, [180, 171, 103, 72, 77, 153, 202, 192, 182, 147]
1649862534.292442, [61, 39, 35, 45, 128, 144, 137, 127, 115, 164]
1649862534.4295459, [85, 48, 38, 36, 54, 89, 122, 137, 136, 96]
1649862534.568064, [160, 110, 75, 62, 61, 73, 81, 95, 126, 121]
1649862534.708889, [174, 160, 127, 108, 88, 82, 89, 91, 110, 151]
1649862534.851864, [179, 167, 154, 136, 115, 102, 108, 107, 114, 135]
1649862535.000402, [178, 170, 162, 150, 137, 123, 131, 129, 136, 128]
1649862535.148972, [180, 172, 169, 163, 161, 145, 155, 154, 151, 136]
1649862535.326494, [179, 173, 173, 166, 168, 157, 160, 160, 157, 150]
1649862535.5256891, [179, 173, 174, 173, 173, 161, 162, 163, 157, 156]
1649862535.606134, [180, 174, 180, 175, 193, 255, 203, 203, 255, 159]
1649862536.0209339, [177, 172, 180, 176, 190, 255, 202, 202, 255, 255]
1649862536.0418382, [176, 174, 178, 177, 193, 197, 203, 202, 255, 255]
1649862536.075425, [177, 169, 179, 174, 192, 255, 201, 255, 255, 255]
1649862536.227805, [175, 171, 178, 174, 194, 255, 201, 203, 255, 255]
1649862536.5469902, [173, 172, 179, 173, 192, 196, 203, 200, 255, 255]
1649862536.58723, [174, 173, 177, 175, 192, 255, 203, 201, 255, 255]
1649862536.702492, [176, 170, 177, 174, 195, 255, 200, 200, 255, 255]
