1649862644.372837, [180, 176, 179, 173, 193, 193, 199, 197, 255, 255]
1649862644.524917, [178, 173, 176, 174, 188, 197, 197, 197, 255, 255]
1649862644.6793768, [178, 173, 177, 172, 193, 189, 199, 199, 255, 255]
1649862644.8312168, [178, 176, 172, 171, 178, 182, 191, 187, 190, 255]
1649862644.9710789, [155, 138, 119, 115, 127, 133, 62, 34, 30, 177]
1649862645.104823, [136, 123, 115, 112, 112, 46, 36, 32, 32, 43]
1649862645.246581, [141, 123, 115, 112, 111, 68, 55, 42, 39, 43]
1649862645.377582, [154, 128, 123, 115, 97, 63, 55, 48, 49, 42]
1649862645.513498, [155, 129, 114, 107, 79, 56, 57, 53, 59, 56]
1649862645.64599, [161, 132, 108, 86, 64, 56, 60, 66, 83, 75]
1649862645.783297, [160, 129, 84, 65, 57, 63, 69, 76, 96, 102]
1649862645.9173172, [154, 120, 76, 63, 55, 57, 66, 77, 113, 109]
1649862646.056931, [150, 119, 87, 73, 69, 91, 115, 154, 192, 139]
1649862646.210261, [176, 170, 173, 170, 190, 188, 193, 191, 193, 255]
1649862646.361341, [173, 170, 169, 169, 188, 188, 192, 192, 196, 255]
1649862646.5126872, [173, 170, 171, 171, 183, 191, 192, 193, 195, 255]
1649862646.666925, [174, 170, 174, 170, 184, 192, 194, 196, 255, 255]
1649862646.824775, [174, 171, 170, 174, 190, 192, 196, 197, 197, 255]
1649862646.974436, [178, 171, 172, 172, 185, 190, 196, 194, 255, 255]
1649862647.129525, [176, 171, 178, 173, 187, 189, 196, 196, 255, 255]
1649862647.2838342, [180, 172, 175, 171, 188, 190, 195, 199, 255, 255]
