1649862677.173058, [170, 165, 166, 166, 179, 187, 186, 186, 188, 255]
1649862677.32567, [172, 164, 167, 168, 178, 184, 188, 187, 189, 255]
1649862677.476554, [174, 164, 170, 165, 182, 184, 187, 188, 193, 255]
1649862677.6272929, [169, 168, 169, 169, 183, 186, 187, 187, 188, 255]
1649862677.7787058, [176, 165, 164, 168, 173, 170, 169, 163, 157, 190]
1649862677.9388611, [123, 139, 137, 155, 163, 138, 138, 126, 106, 151]
1649862678.077825, [67, 72, 77, 94, 130, 118, 109, 86, 75, 83]
1649862678.210251, [85, 72, 72, 78, 98, 92, 86, 73, 64, 66]
1649862678.341156, [100, 81, 72, 75, 75, 68, 69, 71, 79, 65]
1649862678.476289, [105, 87, 75, 72, 82, 91, 100, 103, 122, 86]
1649862678.648237, [118, 100, 85, 83, 104, 129, 149, 162, 189, 150]
1649862679.046149, [166, 164, 159, 166, 178, 185, 190, 191, 196, 255]
1649862679.076997, [173, 167, 170, 168, 183, 182, 191, 190, 193, 255]
1649862679.077109, [173, 165, 167, 168, 181, 186, 185, 187, 189, 255]
1649862679.239668, [171, 167, 167, 170, 180, 181, 183, 190, 190, 255]
1649862679.5732749, [172, 165, 166, 167, 178, 182, 183, 187, 190, 255]
1649862679.603186, [171, 167, 166, 168, 179, 180, 188, 184, 188, 255]
1649862679.682879, [173, 166, 171, 167, 177, 183, 185, 188, 190, 255]
1649862679.8537111, [174, 165, 167, 165, 181, 183, 187, 187, 190, 255]
1649862680.0944, [169, 164, 166, 166, 178, 181, 186, 188, 190, 255]
1649862680.136523, [171, 164, 165, 165, 179, 182, 184, 186, 190, 255]
1649862680.289459, [168, 163, 163, 160, 178, 183, 185, 185, 188, 193]
