1648755830.0884721, [255, 99, 43, 38, 42, 35, 40, 42, 62, 139]
1648755830.226332, [151, 62, 38, 34, 40, 38, 37, 45, 69, 113]
1648755830.3616939, [90, 49, 33, 35, 42, 37, 38, 36, 37, 89]
1648755830.490554, [58, 42, 32, 43, 76, 47, 40, 34, 32, 64]
1648755830.626057, [69, 92, 84, 83, 84, 51, 41, 35, 34, 47]
1648755830.7625, [99, 101, 91, 88, 93, 83, 56, 42, 37, 44]
1648755831.0108218, [80, 98, 87, 90, 76, 48, 42, 41, 44, 42]
1648755831.0432231, [45, 48, 64, 80, 56, 42, 40, 46, 54, 88]
1648755831.166687, [45, 42, 43, 56, 49, 38, 43, 52, 76, 105]
1648755831.39571, [46, 43, 38, 46, 41, 37, 49, 60, 100, 115]
1648755833.869162, [42, 56, 84, 89, 93, 93, 66, 50, 38, 62]
1648755833.975329, [55, 97, 90, 89, 92, 96, 65, 44, 35, 38]
1648755834.1862998, [56, 85, 90, 90, 71, 44, 41, 38, 42, 37]
1648755834.247096, [44, 43, 40, 54, 46, 36, 45, 60, 113, 87]
1648755834.3940852, [50, 43, 38, 43, 44, 38, 42, 45, 66, 165]
1648755834.545729, [255, 152, 59, 51, 43, 37, 42, 42, 37, 160]
1648755834.6980412, [255, 255, 165, 98, 43, 37, 45, 47, 39, 39]
1648755834.842199, [255, 170, 58, 40, 36, 38, 48, 43, 39, 42]
1648755834.995677, [188, 88, 37, 33, 39, 48, 69, 51, 40, 41]
1648755838.7837598, [76, 63, 60, 61, 64, 63, 76, 88, 118, 255]
1648755838.87277, [73, 63, 60, 66, 72, 65, 66, 66, 68, 166]
1648755839.0094988, [68, 64, 70, 85, 109, 96, 89, 79, 68, 77]
1648755839.14624, [73, 68, 69, 83, 117, 113, 90, 79, 67, 66]
1648755839.403032, [79, 64, 56, 59, 76, 72, 71, 73, 76, 70]
1648755839.456165, [93, 75, 60, 57, 66, 65, 69, 74, 82, 94]
1648755839.5679271, [88, 68, 60, 62, 67, 67, 91, 145, 255, 122]
1648755839.796174, [69, 65, 61, 59, 70, 87, 141, 164, 174, 255]
1648755839.8755322, [69, 73, 65, 62, 72, 80, 104, 119, 155, 174]
1648755840.019304, [71, 80, 81, 79, 68, 62, 64, 62, 70, 176]
1648755846.398068, [78, 59, 45, 49, 64, 60, 62, 68, 74, 66]
1648755846.532214, [82, 55, 46, 49, 56, 55, 62, 67, 84, 94]
1648755846.772618, [47, 56, 93, 72, 48, 45, 60, 75, 116, 110]
1648755846.828043, [255, 194, 133, 134, 112, 78, 65, 59, 50, 139]
1648755847.006547, [114, 130, 107, 110, 109, 87, 74, 64, 53, 55]
1648755847.133643, [59, 57, 63, 75, 101, 83, 70, 59, 54, 59]
1648755847.233582, [73, 60, 53, 54, 66, 66, 69, 62, 56, 61]
1648755847.3840692, [133, 91, 66, 57, 59, 59, 63, 63, 62, 57]
1648755847.503455, [149, 89, 62, 58, 56, 54, 58, 57, 58, 68]
1648755847.791771, [132, 64, 47, 62, 114, 69, 53, 47, 49, 71]
1648755847.825783, [64, 93, 128, 166, 141, 109, 74, 62, 54, 60]
1648755852.566668, [116, 136, 118, 122, 96, 66, 55, 55, 71, 107]
1648755852.709195, [101, 69, 40, 52, 69, 89, 118, 119, 119, 113]
1648755852.848852, [66, 60, 62, 67, 82, 92, 105, 105, 109, 121]
1648755854.0884879, [66, 55, 55, 58, 77, 92, 110, 109, 108, 114]
1648755854.126741, [93, 68, 53, 43, 45, 42, 61, 75, 96, 121]
1648755854.12691, [100, 107, 46, 25, 31, 40, 70, 94, 106, 106]
1648755854.1270132, [70, 31, 30, 44, 81, 102, 112, 111, 113, 112]
1648755854.127103, [49, 44, 36, 41, 56, 57, 70, 84, 98, 120]
1648755854.12719, [110, 117, 79, 64, 48, 38, 41, 43, 46, 110]
1648755854.127275, [132, 130, 107, 114, 110, 115, 62, 32, 27, 59]
1648755837.340749, [150, 84, 62, 60, 61, 62, 68, 73, 76, 117]
1648755837.4515069, [110, 77, 59, 58, 62, 63, 68, 67, 66, 107]
1648755837.56707, [130, 90, 62, 58, 60, 59, 69, 74, 67, 75]
1648755837.704603, [163, 113, 71, 58, 54, 56, 83, 104, 91, 61]
1648755837.8443289, [132, 81, 56, 52, 63, 74, 108, 117, 103, 74]
1648755837.9779189, [117, 78, 54, 52, 55, 55, 78, 88, 90, 80]
1648755838.123253, [255, 177, 101, 85, 60, 53, 56, 58, 63, 74]
1648755838.365505, [255, 186, 116, 106, 66, 55, 59, 60, 63, 62]
1648755838.4170492, [255, 255, 90, 65, 56, 57, 62, 66, 84, 63]
1648755838.5801091, [151, 86, 60, 57, 60, 61, 72, 85, 140, 255]
1648755838.7837598, [76, 63, 60, 61, 64, 63, 76, 88, 118, 255]
1648755838.87277, [73, 63, 60, 66, 72, 65, 66, 66, 68, 166]
1648755839.0094988, [68, 64, 70, 85, 109, 96, 89, 79, 68, 77]
1648755839.14624, [73, 68, 69, 83, 117, 113, 90, 79, 67, 66]
1648755839.403032, [79, 64, 56, 59, 76, 72, 71, 73, 76, 70]
1648755839.456165, [93, 75, 60, 57, 66, 65, 69, 74, 82, 94]
1648755839.5679271, [88, 68, 60, 62, 67, 67, 91, 145, 255, 122]
1648755839.796174, [69, 65, 61, 59, 70, 87, 141, 164, 174, 255]
1648755839.8755322, [69, 73, 65, 62, 72, 80, 104, 119, 155, 174]
1648755840.019304, [71, 80, 81, 79, 68, 62, 64, 62, 70, 176]
1648755840.153651, [73, 89, 103, 113, 100, 85, 77, 68, 62, 91]
1648755840.290695, [67, 68, 73, 93, 107, 84, 73, 65, 65, 67]
1648755840.483372, [63, 66, 76, 75, 61, 60, 92, 181, 255, 90]
1648755840.630997, [69, 69, 69, 105, 171, 255, 255, 200, 255, 255]
1648755840.8473349, [71, 68, 71, 82, 115, 138, 142, 149, 169, 255]
1648755840.955617, [75, 74, 75, 91, 121, 142, 156, 157, 182, 188]
1648755841.144958, [76, 67, 60, 64, 90, 113, 150, 152, 178, 255]
1648755841.267293, [115, 95, 68, 60, 58, 56, 74, 100, 166, 255]
1648755841.502382, [116, 91, 59, 49, 53, 66, 131, 255, 255, 255]
1648755841.605429, [80, 90, 66, 64, 74, 101, 156, 187, 255, 255]
1648755841.7546391, [63, 67, 64, 59, 69, 67, 83, 94, 111, 255]
1648755841.892263, [69, 75, 76, 68, 64, 60, 66, 72, 81, 128]
1648755842.02897, [74, 94, 100, 101, 80, 68, 65, 67, 65, 111]
1648755842.1662238, [77, 102, 104, 105, 94, 80, 72, 66, 62, 82]
1648755842.307776, [92, 125, 113, 118, 114, 83, 62, 57, 83, 64]
1648755842.545272, [116, 149, 79, 84, 77, 98, 121, 142, 255, 255]
1648755842.6302998, [84, 61, 54, 53, 61, 57, 71, 77, 91, 255]
1648755842.779205, [69, 58, 53, 59, 64, 56, 69, 71, 84, 116]
1648755842.940269, [69, 59, 57, 62, 69, 63, 62, 62, 60, 106]
1648755843.0313852, [68, 62, 73, 95, 105, 86, 76, 70, 59, 66]
1648755843.188958, [86, 112, 106, 107, 109, 107, 92, 77, 67, 63]
1648755843.308485, [81, 100, 105, 107, 92, 67, 60, 58, 66, 59]
1648755843.626, [70, 56, 54, 55, 55, 57, 73, 86, 120, 118]
1648755843.659884, [93, 68, 54, 55, 61, 59, 69, 80, 94, 154]
1648755843.722566, [78, 61, 55, 60, 65, 62, 67, 73, 83, 113]
1648755843.856479, [72, 65, 63, 73, 85, 72, 72, 69, 65, 99]
1648755843.998933, [86, 107, 111, 122, 116, 101, 87, 78, 66, 72]
1648755844.144217, [94, 121, 114, 121, 121, 121, 112, 93, 73, 63]
1648755844.3141031, [118, 154, 125, 134, 132, 131, 97, 76, 63, 61]
1648755844.44348, [192, 185, 134, 137, 127, 127, 100, 75, 60, 61]