1648755780.18116, [97, 86, 80, 84, 108, 143, 190, 194, 255, 255]
1648755780.334686, [73, 53, 42, 41, 55, 97, 162, 163, 255, 255]
1648755780.4978921, [89, 31, 19, 21, 35, 127, 154, 162, 255, 255]
1648755780.662785, [93, 32, 20, 24, 59, 168, 187, 196, 255, 255]
1648755780.834207, [57, 53, 62, 86, 154, 255, 255, 255, 255, 255]
1648755781.0202749, [114, 129, 135, 162, 255, 255, 255, 255, 255, 255]
1648755781.211936, [164, 173, 170, 180, 255, 255, 255, 255, 255, 255]
1648755782.546572, [189, 255, 169, 183, 181, 195, 199, 188, 255, 255]
1648755782.5782819, [202, 172, 138, 130, 129, 139, 148, 155, 171, 255]
1648755782.5784051, [173, 150, 123, 118, 119, 126, 130, 130, 147, 255]
1648755782.578464, [179, 148, 111, 100, 94, 93, 107, 105, 137, 255]
1648755782.578513, [183, 162, 98, 83, 66, 55, 62, 66, 96, 255]
1648755782.57856, [255, 255, 142, 118, 37, 29, 32, 37, 255, 186]
1648755782.578607, [255, 255, 255, 148, 22, 17, 25, 48, 255, 255]
1648755782.578746, [255, 255, 187, 66, 36, 33, 47, 72, 181, 255]
1648755782.724979, [255, 181, 79, 66, 66, 76, 103, 135, 255, 255]
1648755782.886092, [155, 123, 100, 102, 117, 129, 156, 182, 255, 255]
1648755783.051296, [160, 148, 125, 133, 146, 159, 171, 191, 255, 255]
1648755783.229231, [171, 164, 144, 153, 168, 197, 198, 255, 255, 255]
1648755797.929622, [255, 255, 255, 255, 101, 116, 95, 80, 78, 19]
1648755798.104961, [255, 255, 137, 119, 91, 98, 85, 41, 26, 18]
1648755798.27132, [255, 178, 92, 110, 73, 58, 58, 65, 75, 32]
1648755798.452435, [255, 255, 183, 255, 154, 150, 112, 101, 92, 96]
1648755798.6164951, [255, 255, 135, 135, 122, 112, 105, 95, 93, 100]
1648755798.7754161, [255, 255, 125, 132, 112, 97, 87, 79, 74, 99]
1648755798.92533, [255, 184, 105, 118, 98, 76, 61, 52, 49, 80]
1648755799.0851321, [255, 255, 110, 123, 102, 72, 36, 28, 29, 59]
1648755799.240984, [255, 255, 102, 123, 91, 26, 22, 22, 41, 82]
1648755799.399158, [255, 255, 95, 111, 85, 28, 25, 23, 32, 102]
1648755799.550487, [255, 255, 98, 120, 80, 48, 45, 46, 56, 92]
1648755799.7035048, [187, 182, 104, 98, 76, 76, 98, 130, 255, 108]
1648755799.8805609, [158, 128, 102, 114, 126, 154, 186, 255, 255, 255]
1648755800.031478, [150, 123, 97, 88, 93, 96, 111, 133, 159, 255]
1648755800.173588, [134, 125, 80, 71, 66, 66, 77, 95, 133, 255]
1648755800.316036, [127, 136, 72, 56, 46, 39, 54, 71, 118, 175]
1648755800.4662762, [129, 135, 80, 75, 35, 26, 30, 40, 100, 143]
1648755809.0471869, [100, 99, 59, 44, 36, 29, 37, 51, 83, 144]
1648755809.107247, [88, 85, 60, 66, 58, 33, 29, 24, 32, 92]
1648755809.158463, [89, 84, 62, 61, 57, 32, 31, 36, 66, 74]
1648755809.570635, [91, 90, 65, 56, 47, 48, 70, 101, 136, 95]
1648755809.603102, [106, 92, 77, 82, 100, 120, 161, 176, 255, 191]
1648755809.635369, [132, 131, 119, 125, 137, 153, 169, 177, 255, 255]
1648755809.809838, [201, 189, 138, 138, 134, 134, 132, 124, 131, 255]
1648755810.026647, [163, 149, 113, 108, 99, 90, 93, 89, 91, 157]
1648755810.094487, [135, 119, 94, 87, 81, 74, 69, 66, 66, 108]
1648755810.2325041, [135, 117, 80, 81, 79, 74, 60, 49, 37, 77]
1648755810.553431, [150, 116, 66, 65, 60, 60, 62, 49, 29, 36]
1648755810.5876422, [168, 110, 67, 68, 66, 68, 70, 61, 45, 25]
1648755810.649698, [158, 123, 82, 83, 82, 81, 71, 68, 65, 37]
1648755810.797597, [145, 134, 106, 112, 102, 104, 106, 106, 114, 84]
1648755787.600406, [255, 255, 127, 130, 98, 81, 79, 75, 75, 122]
1648755787.6005409, [255, 255, 130, 161, 100, 72, 57, 50, 49, 93]
1648755787.71965, [255, 255, 147, 255, 147, 77, 40, 32, 27, 69]
1648755787.903056, [255, 255, 255, 255, 255, 255, 44, 24, 18, 37]
1648755788.14176, [255, 255, 163, 255, 144, 100, 44, 36, 38, 22]
1648755788.250464, [255, 255, 125, 141, 79, 69, 67, 73, 90, 61]
1648755788.402633, [178, 195, 118, 116, 98, 99, 109, 120, 147, 135]
1648755788.567632, [190, 178, 131, 133, 141, 161, 167, 173, 255, 255]
1648755788.7417972, [255, 178, 129, 121, 127, 138, 146, 161, 255, 255]
1648755788.8976882, [160, 127, 101, 94, 95, 97, 106, 117, 142, 255]
1648755789.0451488, [175, 161, 93, 82, 66, 64, 72, 78, 104, 255]
1648755789.195554, [201, 255, 119, 100, 54, 43, 44, 48, 72, 179]
1648755789.35962, [255, 255, 140, 184, 53, 27, 29, 29, 54, 191]
1648755789.541227, [255, 255, 255, 255, 37, 20, 23, 26, 195, 255]
1648755789.716762, [255, 255, 152, 155, 37, 29, 34, 47, 139, 255]
1648755789.8757749, [255, 255, 99, 71, 51, 52, 71, 93, 156, 255]
1648755790.030703, [181, 147, 94, 87, 85, 99, 123, 160, 255, 255]
1648755790.230295, [137, 127, 119, 138, 187, 255, 255, 255, 255, 255]
1648755790.418813, [138, 128, 112, 124, 187, 255, 255, 255, 255, 255]
1648755790.594899, [91, 82, 76, 81, 118, 169, 255, 255, 255, 255]
1648755790.763267, [102, 65, 46, 44, 60, 104, 255, 255, 255, 255]
1648755790.952148, [255, 69, 24, 20, 24, 64, 255, 255, 255, 255]
1648755791.1488798, [255, 255, 16, 14, 15, 97, 255, 255, 255, 255]
1648755791.323182, [255, 53, 31, 31, 48, 94, 206, 255, 255, 255]
1648755791.492717, [97, 77, 65, 73, 105, 150, 255, 255, 255, 255]
1648755791.769043, [119, 128, 146, 255, 255, 255, 255, 255, 255, 255]
1648755791.9123259, [119, 138, 158, 255, 255, 255, 255, 255, 255, 255]
1648755792.1081758, [89, 106, 128, 176, 255, 255, 255, 255, 255, 255]
1648755792.306422, [54, 60, 77, 139, 196, 255, 255, 255, 255, 255]
1648755792.5035021, [27, 25, 28, 141, 182, 255, 255, 255, 255, 255]
1648755792.69905, [24, 23, 35, 125, 173, 255, 255, 255, 255, 255]
1648755792.905534, [54, 92, 128, 179, 255, 255, 255, 255, 255, 255]
1648755793.1985989, [255, 255, 255, 255, 255, 255, 255, 255, 255, 255]
1648755793.37776, [185, 255, 255, 255, 255, 255, 255, 255, 255, 255]
1648755793.595056, [95, 178, 139, 255, 255, 255, 255, 255, 255, 255]
1648755793.796577, [31, 57, 92, 128, 163, 255, 255, 255, 255, 255]
1648755794.007391, [27, 80, 99, 144, 255, 255, 255, 255, 255, 255]
1648755794.324254, [124, 187, 160, 255, 255, 255, 255, 255, 255, 255]
1648755794.46617, [255, 255, 255, 255, 255, 255, 255, 255, 255, 255]
1648755794.6598048, [135, 168, 154, 255, 255, 255, 255, 255, 255, 255]
1648755794.8206341, [85, 79, 75, 84, 121, 149, 167, 168, 255, 255]
1648755794.969365, [79, 54, 40, 40, 59, 91, 129, 130, 153, 255]
1648755795.1154308, [164, 189, 54, 26, 24, 19, 34, 101, 110, 191]
1648755795.27484, [255, 255, 103, 30, 19, 19, 92, 109, 126, 136]
1648755795.4330409, [158, 52, 32, 37, 72, 131, 152, 165, 255, 255]
1648755795.600325, [74, 75, 87, 112, 154, 180, 207, 255, 255, 255]
1648755795.779572, [109, 112, 112, 125, 161, 189, 255, 255, 255, 255]
1648755795.9316962, [171, 138, 109, 100, 103, 102, 109, 115, 131, 255]
1648755796.080201, [159, 145, 98, 90, 82, 78, 84, 88, 109, 174]
1648755796.224829, [162, 156, 93, 79, 64, 55, 65, 76, 106, 154]