1650244926.9567811, [255, 255, 255, 255, 255, 255, 255, 255, 195, 255]
1650244927.3157709, [255, 255, 255, 255, 187, 163, 180, 178, 168, 185]
1650244927.622772, [255, 255, 255, 255, 195, 176, 185, 190, 179, 164]
1650244928.13479, [255, 255, 255, 255, 255, 255, 255, 255, 255, 173]
1650244928.646942, [255, 255, 255, 255, 255, 255, 255, 255, 255, 255]
1650244929.175384, [255, 255, 255, 255, 255, 255, 255, 255, 255, 255]
1650244929.5626318, [255, 255, 255, 255, 255, 184, 192, 194, 185, 255]
1650244929.875604, [255, 255, 255, 255, 255, 175, 184, 182, 174, 183]
1650244930.38769, [255, 255, 255, 255, 255, 255, 255, 255, 255, 169]
1650244930.899501, [255, 255, 255, 255, 255, 255, 255, 255, 255, 255]
1650244931.411851, [255, 255, 255, 255, 255, 255, 255, 255, 255, 255]
1650244931.923598, [255, 255, 255, 255, 255, 255, 255, 255, 255, 255]
1650244932.4330251, [255, 255, 255, 255, 255, 255, 255, 255, 255, 255]
