1650256825.767709, [255, 255, 255, 255, 255, 174, 197, 196, 188, 177]
1650256826.247226, [255, 255, 255, 255, 255, 189, 255, 255, 255, 191]
1650256826.775294, [255, 255, 255, 255, 255, 192, 255, 255, 255, 255]
1650256826.992874, [255, 255, 255, 255, 255, 189, 255, 255, 255, 255]
1650256827.411264, [255, 255, 255, 255, 255, 191, 255, 255, 255, 255]
1650256827.8092191, [255, 255, 255, 255, 255, 187, 146, 92, 140, 255]
1650256828.2806458, [255, 255, 255, 146, 50, 35, 44, 39, 46, 170]
1650256828.410012, [255, 255, 255, 117, 79, 70, 76, 69, 77, 59]
1650256828.802867, [255, 255, 176, 146, 122, 112, 123, 119, 130, 82]
1650256829.071451, [255, 255, 255, 181, 160, 165, 207, 255, 255, 136]
1650256829.496623, [255, 255, 255, 255, 255, 191, 255, 255, 255, 255]
1650256829.8565109, [255, 255, 255, 52, 22, 17, 31, 40, 154, 255]
1650256830.087042, [255, 255, 255, 71, 37, 30, 41, 36, 49, 255]
1650256830.3915331, [255, 255, 255, 127, 85, 73, 85, 81, 86, 83]
1650256830.691104, [255, 255, 180, 163, 144, 132, 147, 139, 144, 94]
1650256831.079499, [255, 255, 255, 255, 169, 178, 255, 255, 255, 153]
1650256831.5001118, [255, 255, 255, 255, 255, 255, 255, 255, 255, 255]
1650256831.9495208, [255, 255, 255, 164, 42, 25, 35, 31, 39, 255]
1650256832.117271, [255, 255, 255, 140, 90, 79, 90, 85, 90, 62]
1650256832.4438689, [255, 255, 255, 177, 149, 136, 152, 147, 148, 100]
1650256832.996379, [255, 255, 178, 255, 255, 190, 255, 255, 255, 157]
1650256833.271845, [255, 255, 255, 255, 255, 190, 255, 255, 255, 255]
1650256833.6008909, [255, 255, 255, 255, 161, 34, 36, 30, 33, 255]
1650256834.047897, [255, 255, 255, 255, 114, 82, 90, 84, 88, 43]
1650256834.257329, [255, 255, 255, 255, 163, 144, 158, 148, 153, 94]
1650256834.660599, [255, 255, 255, 255, 255, 189, 255, 255, 255, 155]
1650256835.095238, [255, 255, 255, 255, 255, 190, 255, 255, 255, 255]
1650256835.378844, [255, 255, 84, 40, 35, 35, 59, 78, 177, 255]
1650256835.6444101, [255, 255, 255, 76, 44, 35, 45, 43, 52, 189]
1650256835.933698, [255, 255, 160, 102, 80, 76, 83, 79, 86, 80]
1650256836.239968, [255, 255, 166, 153, 136, 128, 141, 139, 143, 97]
1650256837.732695, [255, 255, 255, 175, 197, 191, 255, 255, 255, 147]
1650256837.75217, [255, 255, 255, 255, 255, 255, 255, 255, 255, 255]
1650256837.752372, [255, 255, 255, 255, 255, 180, 200, 191, 184, 255]
1650256837.777375, [255, 255, 255, 255, 193, 176, 187, 186, 177, 183]
1650256838.2404501, [255, 255, 255, 255, 196, 175, 193, 186, 181, 180]
1650256838.5251698, [255, 255, 255, 255, 255, 180, 196, 191, 188, 179]
