1650256907.496356, [255, 255, 255, 255, 255, 190, 255, 204, 196, 182]
1650256907.960494, [255, 255, 255, 255, 255, 190, 255, 196, 196, 255]
1650256908.268138, [255, 255, 255, 255, 255, 195, 255, 200, 255, 190]
1650256908.638509, [255, 255, 255, 255, 255, 193, 255, 255, 255, 255]
1650256909.0886688, [255, 255, 255, 255, 255, 255, 255, 255, 255, 255]
1650256909.496892, [255, 255, 255, 255, 255, 255, 255, 255, 255, 255]
1650256909.803443, [72, 126, 255, 255, 255, 192, 255, 255, 255, 255]
1650256909.963135, [48, 49, 38, 46, 106, 154, 255, 255, 255, 255]
1650256910.14604, [57, 45, 34, 36, 45, 51, 140, 197, 198, 255]
1650256910.335535, [255, 65, 42, 38, 40, 36, 53, 61, 137, 255]
1650256910.6437151, [255, 255, 255, 166, 70, 45, 46, 36, 39, 186]
1650256911.135309, [255, 255, 255, 255, 255, 255, 255, 255, 196, 42]
1650256911.444084, [255, 255, 255, 255, 255, 194, 255, 255, 255, 187]
1650256911.852298, [255, 255, 255, 255, 255, 255, 255, 255, 255, 255]
1650256912.261635, [255, 255, 255, 255, 255, 255, 255, 255, 255, 255]
1650256912.671391, [255, 255, 255, 255, 255, 255, 255, 255, 255, 255]
1650256913.080797, [255, 255, 255, 255, 255, 255, 255, 255, 255, 255]
1650256913.202019, [53, 43, 31, 34, 40, 41, 70, 100, 183, 255]
1650256913.592916, [255, 255, 255, 255, 255, 165, 104, 61, 47, 255]
1650256914.0025432, [255, 255, 255, 255, 255, 255, 255, 255, 255, 42]
1650256914.412244, [255, 255, 255, 255, 255, 255, 255, 255, 255, 255]
1650256914.822428, [255, 255, 255, 255, 255, 255, 255, 255, 255, 255]
1650256915.171951, [255, 255, 255, 255, 255, 255, 255, 255, 255, 255]
1650256915.5818071, [255, 255, 255, 255, 255, 255, 255, 255, 255, 255]
1650256915.948035, [68, 87, 137, 166, 255, 255, 255, 255, 255, 255]
1650256916.073993, [51, 48, 42, 45, 76, 118, 255, 255, 255, 255]
1650256916.2500422, [64, 50, 42, 42, 53, 53, 107, 161, 255, 255]
1650256916.4572642, [255, 98, 56, 51, 49, 41, 50, 48, 56, 255]
1650256916.869847, [255, 255, 255, 255, 255, 196, 255, 255, 255, 80]
1650256917.381696, [255, 255, 255, 255, 255, 255, 255, 255, 255, 255]
1650256917.7112901, [255, 255, 255, 255, 255, 255, 255, 255, 255, 255]
1650256918.199018, [255, 255, 255, 255, 255, 255, 255, 255, 255, 255]
1650256918.5082119, [87, 113, 157, 145, 255, 196, 255, 255, 255, 255]
1650256918.644898, [60, 56, 49, 53, 79, 111, 197, 255, 255, 255]
1650256918.799608, [75, 62, 48, 46, 46, 50, 67, 66, 113, 255]
1650256919.2222998, [255, 255, 255, 255, 255, 155, 85, 56, 50, 182]
1650256919.6363258, [255, 255, 255, 255, 255, 255, 255, 255, 255, 46]
1650256920.044304, [255, 255, 255, 255, 255, 255, 255, 255, 255, 255]
1650256920.374197, [255, 255, 255, 255, 255, 255, 255, 255, 255, 255]
1650256920.785984, [255, 255, 255, 255, 255, 255, 255, 255, 255, 255]
1650256921.170788, [78, 97, 153, 179, 255, 255, 255, 255, 255, 255]
1650256921.3276548, [60, 60, 53, 67, 129, 161, 255, 255, 255, 255]
1650256921.4973829, [66, 58, 48, 52, 64, 74, 137, 171, 255, 255]
1650256921.657515, [84, 68, 45, 49, 50, 49, 67, 76, 136, 255]
1650256921.98988, [255, 255, 78, 63, 53, 44, 53, 49, 55, 255]
1650256922.2942562, [255, 255, 255, 255, 182, 93, 66, 51, 48, 78]
1650256922.7084448, [255, 255, 255, 255, 255, 255, 255, 200, 151, 45]
1650256923.013783, [255, 255, 255, 255, 255, 255, 255, 255, 255, 62]
1650256923.524457, [255, 255, 255, 255, 255, 255, 255, 255, 255, 255]
1650256923.8331058, [255, 255, 255, 255, 255, 255, 255, 255, 255, 255]
1650256924.2416189, [255, 255, 255, 255, 255, 187, 201, 194, 190, 255]
1650256924.442954, [255, 255, 255, 255, 192, 184, 191, 178, 184, 191]
1650256924.855468, [255, 255, 255, 255, 197, 178, 192, 188, 180, 177]
