1650244869.56174, [255, 255, 255, 255, 255, 255, 255, 255, 255, 255]
1650244869.9723341, [255, 255, 255, 255, 255, 255, 255, 255, 255, 255]
1650244870.380861, [255, 255, 255, 255, 255, 255, 255, 255, 255, 255]
1650244870.762159, [255, 255, 255, 255, 255, 255, 255, 152, 45, 255]
1650244870.9439628, [41, 40, 47, 107, 255, 255, 144, 47, 30, 44]
1650244871.0991611, [46, 40, 38, 43, 119, 255, 125, 48, 36, 30]
1650244871.2562969, [50, 49, 48, 52, 120, 188, 114, 59, 45, 34]
1650244871.402663, [60, 53, 51, 61, 108, 158, 129, 67, 52, 43]
1650244871.552054, [64, 60, 60, 65, 102, 137, 137, 82, 63, 49]
1650244871.695827, [74, 65, 66, 69, 98, 123, 136, 92, 71, 56]
1650244871.8429508, [80, 75, 75, 76, 101, 119, 144, 109, 81, 64]
1650244871.993289, [87, 84, 81, 84, 107, 116, 141, 126, 92, 73]
1650244872.138677, [98, 93, 90, 92, 113, 123, 142, 127, 103, 83]
1650244872.289046, [108, 103, 97, 98, 118, 126, 144, 137, 111, 87]
1650244872.440526, [112, 106, 104, 110, 126, 127, 147, 141, 129, 93]
1650244872.5954208, [120, 120, 113, 114, 130, 134, 153, 148, 134, 104]
1650244872.7530391, [130, 128, 120, 121, 138, 141, 157, 156, 144, 117]
1650244872.916963, [140, 136, 128, 134, 148, 149, 154, 157, 154, 131]
1650244873.076397, [147, 143, 138, 137, 151, 155, 164, 159, 158, 138]
1650244873.243694, [155, 149, 146, 150, 160, 159, 172, 167, 166, 143]
1650244873.4070709, [163, 161, 153, 164, 174, 171, 182, 180, 175, 155]
1650244873.607033, [179, 185, 168, 185, 255, 255, 255, 255, 255, 172]
1650244874.067323, [255, 255, 255, 255, 255, 255, 255, 255, 255, 255]
1650244874.476923, [255, 255, 255, 255, 255, 255, 255, 255, 255, 255]
1650244874.985984, [255, 255, 255, 255, 255, 255, 255, 255, 255, 255]
