1650244879.425298, [255, 255, 255, 255, 255, 174, 183, 186, 185, 255]
1650244879.786106, [255, 255, 255, 255, 255, 255, 255, 255, 255, 180]
1650244880.2467132, [255, 255, 255, 255, 255, 255, 255, 255, 255, 255]
1650244880.7043781, [255, 255, 255, 255, 255, 255, 255, 255, 255, 255]
1650244880.8871732, [255, 255, 146, 141, 255, 255, 255, 85, 39, 255]
1650244881.0517828, [47, 43, 45, 57, 181, 255, 146, 59, 48, 34]
1650244881.227401, [58, 58, 60, 67, 120, 170, 163, 100, 73, 44]
1650244881.360003, [82, 79, 78, 84, 110, 125, 160, 137, 109, 64]
1650244881.50305, [104, 99, 99, 103, 120, 128, 154, 151, 134, 88]
1650244881.753361, [123, 123, 122, 127, 144, 151, 159, 163, 156, 118]
1650244881.821971, [148, 143, 145, 150, 167, 168, 176, 176, 171, 138]
1650244881.9931011, [169, 176, 164, 172, 191, 187, 196, 193, 195, 159]
1650244882.279039, [200, 255, 255, 255, 255, 255, 255, 255, 255, 188]
1650244882.80334, [255, 255, 255, 255, 255, 255, 255, 255, 255, 255]
1650244883.100975, [255, 255, 255, 255, 255, 255, 255, 255, 255, 255]
1650244883.508975, [255, 255, 255, 255, 255, 255, 255, 255, 255, 255]
1650244883.924274, [255, 255, 255, 255, 255, 255, 255, 255, 255, 255]
1650244884.375809, [255, 255, 255, 255, 255, 255, 255, 255, 255, 255]
