1650755454.716618, [255, 255, 255, 255, 255, 255, 255, 255, 255, 255]
1650755455.2364328, [255, 255, 255, 255, 255, 197, 255, 255, 255, 255]
1650755455.557802, [255, 255, 255, 255, 255, 255, 255, 255, 255, 255]
1650755456.050205, [255, 255, 255, 255, 255, 196, 255, 255, 255, 255]
1650755456.462485, [255, 255, 255, 255, 255, 255, 255, 255, 255, 255]
1650755456.769811, [255, 255, 255, 255, 255, 255, 255, 255, 255, 255]
1650755457.090515, [255, 255, 255, 255, 255, 255, 255, 255, 255, 255]
1650755457.4865952, [255, 255, 255, 255, 255, 255, 255, 255, 255, 255]
1650755457.7937, [255, 255, 255, 255, 255, 255, 255, 255, 255, 255]
1650755458.070723, [255, 255, 255, 255, 255, 255, 255, 255, 255, 255]
1650755458.267222, [255, 255, 255, 255, 196, 179, 181, 171, 168, 255]
1650755458.45423, [186, 174, 162, 151, 161, 149, 155, 149, 144, 163]
1650755458.620163, [255, 136, 105, 89, 80, 74, 81, 76, 87, 157]
1650755458.829342, [255, 255, 166, 46, 30, 26, 31, 37, 173, 153]
1650755459.227442, [184, 105, 255, 255, 255, 255, 255, 255, 255, 255]
1650755459.4011781, [255, 255, 255, 255, 255, 255, 255, 191, 180, 255]
1650755459.589818, [192, 167, 161, 149, 151, 150, 157, 149, 151, 176]
1650755459.751044, [176, 124, 102, 89, 83, 77, 89, 83, 107, 160]
1650755459.967069, [255, 255, 255, 56, 30, 28, 36, 42, 162, 183]
1650755460.251439, [115, 107, 135, 190, 255, 255, 255, 255, 255, 255]
1650755460.45002, [255, 255, 255, 255, 255, 255, 204, 189, 181, 255]
1650755460.6425338, [195, 167, 155, 144, 152, 148, 155, 150, 162, 183]
1650755460.799857, [149, 112, 92, 80, 80, 82, 97, 104, 179, 185]
1650755461.008416, [255, 108, 39, 27, 27, 23, 57, 255, 255, 255]
1650755461.2400682, [62, 94, 132, 255, 255, 255, 255, 255, 255, 255]
1650755461.441847, [255, 194, 189, 176, 171, 164, 167, 154, 153, 255]
1650755461.604525, [142, 125, 112, 106, 109, 106, 119, 120, 168, 149]
1650755461.785964, [255, 91, 55, 44, 39, 38, 53, 110, 255, 255]
1650755462.091576, [255, 124, 27, 23, 43, 255, 255, 255, 255, 255]
1650755462.283675, [255, 255, 255, 255, 255, 193, 188, 169, 161, 255]
1650755462.4521909, [169, 147, 139, 129, 131, 128, 135, 131, 144, 153]
1650755462.6197639, [255, 106, 81, 63, 56, 50, 62, 64, 109, 174]
1650755462.892628, [255, 255, 255, 25, 25, 64, 255, 255, 255, 255]
1650755463.184165, [255, 255, 255, 255, 255, 255, 255, 255, 194, 255]
1650755463.345896, [190, 172, 155, 147, 148, 145, 147, 143, 147, 192]
1650755463.5018969, [158, 106, 86, 70, 62, 58, 67, 68, 124, 161]
1650755463.7308722, [255, 255, 80, 29, 26, 26, 56, 255, 255, 255]
1650755464.042936, [255, 255, 255, 255, 255, 255, 255, 255, 255, 255]
1650755464.229269, [190, 172, 156, 150, 147, 143, 147, 136, 138, 255]
1650755464.409816, [178, 117, 85, 70, 62, 54, 63, 61, 109, 139]
1650755464.652931, [255, 255, 40, 28, 29, 54, 255, 255, 255, 255]
1650755464.956214, [255, 255, 255, 255, 255, 255, 255, 255, 255, 255]
1650755465.145358, [255, 174, 162, 148, 148, 142, 153, 137, 137, 255]
1650755465.300224, [181, 123, 99, 86, 71, 63, 68, 68, 95, 140]
1650755465.576972, [255, 255, 103, 22, 43, 255, 255, 255, 255, 255]
1650755465.921742, [255, 255, 255, 255, 255, 255, 255, 255, 255, 255]
1650755466.068703, [183, 154, 132, 120, 112, 106, 107, 104, 115, 255]
1650755466.314892, [255, 255, 255, 255, 22, 17, 25, 33, 255, 179]
1650755466.702622, [255, 255, 255, 255, 255, 255, 255, 255, 255, 255]
1650755466.856663, [255, 187, 174, 163, 162, 157, 166, 154, 150, 255]
1650755467.022263, [190, 123, 100, 76, 67, 58, 61, 57, 90, 162]
1650755467.290856, [255, 255, 87, 28, 36, 255, 255, 255, 255, 255]
1650755467.6056662, [255, 255, 255, 255, 255, 255, 255, 255, 187, 255]
1650755467.789898, [255, 174, 154, 148, 148, 142, 147, 141, 140, 173]
1650755467.961267, [255, 131, 79, 56, 43, 36, 40, 50, 255, 165]
1650755468.2400792, [255, 52, 35, 55, 255, 255, 255, 255, 255, 255]
1650755468.544402, [255, 255, 255, 255, 255, 255, 255, 255, 191, 255]
1650755468.6792881, [187, 165, 157, 147, 153, 149, 155, 149, 170, 186]
1650755468.843621, [154, 92, 61, 46, 37, 31, 37, 53, 255, 255]
1650755469.106071, [255, 49, 31, 63, 255, 255, 255, 255, 255, 255]
1650755469.467212, [255, 255, 255, 255, 255, 255, 255, 255, 191, 255]
1650755469.557568, [197, 173, 161, 153, 159, 158, 163, 154, 163, 184]
1650755469.717582, [157, 104, 73, 60, 50, 46, 55, 62, 183, 255]
1650755470.081719, [255, 255, 40, 37, 78, 255, 255, 255, 255, 255]
1650755470.388715, [255, 255, 255, 255, 255, 255, 255, 255, 198, 255]
1650755470.44489, [183, 158, 141, 139, 146, 143, 151, 142, 144, 177]
1650755470.605999, [129, 108, 98, 87, 86, 81, 99, 119, 255, 141]
1650755470.8246322, [255, 91, 26, 22, 24, 29, 255, 255, 255, 255]
1650755471.146771, [255, 255, 255, 255, 255, 255, 255, 255, 255, 255]
1650755471.356199, [255, 255, 186, 176, 177, 161, 166, 157, 152, 255]
1650755471.515927, [180, 123, 96, 78, 68, 60, 69, 68, 124, 155]
1650755471.822413, [255, 255, 49, 32, 40, 150, 255, 255, 255, 255]
1650755472.129676, [255, 255, 255, 255, 255, 255, 255, 255, 255, 255]
1650755472.269753, [196, 169, 154, 137, 142, 134, 140, 134, 149, 255]
1650755472.53905, [255, 121, 71, 53, 42, 36, 39, 47, 255, 185]
1650755472.7126, [255, 81, 29, 61, 255, 255, 255, 255, 255, 255]
1650755473.0007858, [255, 255, 255, 255, 255, 255, 255, 200, 182, 255]
1650755473.170711, [191, 153, 137, 118, 115, 111, 114, 112, 128, 174]
1650755473.39766, [255, 255, 255, 48, 18, 14, 22, 55, 255, 255]
1650755473.76795, [53, 96, 255, 255, 255, 255, 255, 255, 255, 255]
1650755473.9223309, [255, 255, 255, 255, 255, 191, 184, 168, 163, 255]
1650755474.085709, [173, 138, 119, 103, 105, 95, 99, 99, 130, 157]
1650755474.311788, [255, 255, 255, 34, 16, 14, 20, 54, 255, 255]
1650755474.65392, [152, 255, 255, 255, 255, 255, 255, 255, 255, 255]
1650755474.889141, [255, 255, 255, 255, 193, 175, 180, 163, 160, 255]
1650755475.04934, [175, 134, 115, 98, 92, 81, 91, 83, 138, 154]
1650755475.300506, [255, 255, 52, 22, 22, 27, 255, 255, 255, 255]
1650755475.636915, [255, 255, 255, 255, 255, 255, 255, 255, 255, 255]
1650755475.8706849, [255, 255, 255, 189, 171, 161, 158, 149, 143, 255]
1650755476.032414, [157, 126, 105, 92, 82, 75, 80, 78, 192, 137]
1650755476.3280058, [255, 255, 59, 21, 30, 119, 255, 255, 255, 255]
1650755476.633321, [255, 255, 255, 255, 255, 255, 255, 255, 255, 255]
1650755476.8334668, [255, 184, 162, 150, 146, 143, 146, 133, 130, 255]
1650755476.988619, [158, 121, 102, 88, 81, 76, 77, 73, 88, 121]
1650755477.25056, [255, 255, 255, 57, 25, 26, 163, 255, 255, 255]
1650755477.6656451, [255, 255, 255, 255, 255, 255, 255, 255, 255, 255]
1650755477.785582, [255, 188, 174, 154, 149, 145, 149, 137, 138, 255]
1650755477.9712489, [255, 178, 115, 80, 53, 37, 39, 34, 48, 140]
1650755478.224395, [255, 255, 29, 30, 81, 255, 255, 255, 255, 255]
1650755478.5808809, [255, 255, 255, 255, 255, 255, 255, 255, 255, 255]
1650755478.739813, [180, 154, 139, 127, 123, 124, 126, 122, 132, 255]
1650755478.909585, [255, 129, 78, 55, 40, 33, 36, 37, 114, 163]
1650755479.1851919, [255, 255, 153, 27, 35, 255, 255, 255, 255, 255]
1650755479.46161, [255, 255, 255, 255, 255, 255, 255, 193, 171, 255]
1650755479.6487901, [255, 173, 162, 152, 151, 143, 155, 139, 142, 161]
1650755479.82585, [255, 118, 87, 69, 56, 51, 56, 55, 101, 150]
1650755480.094659, [255, 255, 110, 28, 30, 78, 255, 255, 255, 255]
1650755480.350216, [255, 255, 255, 255, 255, 255, 255, 199, 190, 255]
1650755480.541408, [202, 174, 166, 156, 159, 156, 162, 155, 155, 181]
1650755480.706354, [174, 131, 113, 99, 97, 93, 103, 100, 126, 162]
1650755480.891171, [255, 121, 53, 36, 34, 30, 44, 96, 255, 255]
1650755481.1497312, [255, 40, 29, 43, 255, 255, 255, 255, 255, 255]
1650755481.413887, [255, 255, 255, 255, 255, 255, 255, 204, 191, 255]
1650755481.5810509, [182, 153, 132, 122, 118, 114, 115, 112, 128, 181]
1650755481.7777112, [255, 255, 144, 47, 27, 21, 25, 22, 131, 181]
1650755482.0585668, [255, 70, 30, 57, 255, 255, 255, 255, 255, 255]
1650755482.322334, [255, 255, 255, 255, 255, 255, 205, 183, 171, 255]
1650755482.4781911, [176, 143, 128, 120, 117, 117, 123, 117, 132, 158]
1650755482.6676831, [255, 255, 117, 48, 30, 26, 29, 30, 80, 182]
1650755482.97176, [255, 99, 37, 255, 255, 255, 255, 255, 255, 255]
1650755483.305793, [255, 255, 255, 255, 255, 255, 255, 255, 255, 255]
1650755483.7018628, [255, 255, 255, 255, 255, 255, 255, 255, 255, 255]
1650755483.983945, [255, 255, 255, 255, 255, 255, 255, 255, 255, 255]
1650755484.3275461, [255, 255, 255, 255, 255, 255, 255, 255, 255, 255]
1650755484.690022, [255, 255, 255, 255, 255, 255, 255, 255, 255, 255]
1650755485.1573539, [255, 255, 255, 255, 255, 175, 255, 255, 255, 255]
1650755485.6588328, [255, 255, 255, 255, 255, 255, 255, 255, 255, 255]
1650755486.069816, [255, 255, 255, 255, 255, 255, 255, 255, 255, 255]
1650755486.4343581, [255, 255, 255, 255, 255, 255, 255, 255, 255, 255]
