1650317109.8136861, [167, 162, 162, 163, 173, 155, 171, 170, 175, 161]
1650317109.9861429, [178, 168, 169, 167, 173, 164, 174, 172, 175, 176]
1650317110.161388, [182, 176, 171, 175, 179, 169, 179, 182, 182, 179]
1650317110.3479, [188, 180, 182, 176, 188, 171, 184, 185, 185, 183]
1650317110.525656, [195, 178, 183, 183, 190, 176, 191, 187, 190, 191]
1650317110.712435, [131, 163, 175, 170, 188, 175, 190, 187, 190, 193]
1650317110.84319, [92, 62, 45, 42, 45, 40, 51, 54, 68, 255]
1650317111.027831, [193, 186, 179, 184, 190, 175, 184, 188, 190, 97]
1650317111.214769, [190, 183, 184, 186, 193, 175, 194, 188, 194, 255]
1650317111.40287, [191, 180, 181, 184, 191, 173, 188, 188, 189, 191]
1650317111.588941, [191, 186, 180, 181, 190, 173, 186, 189, 191, 193]
1650317111.7733362, [189, 184, 182, 180, 195, 177, 186, 187, 191, 255]
1650317111.959433, [192, 181, 182, 181, 191, 174, 188, 185, 186, 191]
1650317112.1286972, [62, 82, 120, 162, 192, 175, 188, 185, 184, 187]
1650317112.2758138, [54, 51, 46, 54, 84, 110, 167, 178, 186, 190]
1650317112.4261692, [178, 158, 92, 68, 54, 43, 48, 46, 56, 188]
1650317112.604217, [189, 183, 178, 181, 189, 172, 182, 182, 174, 74]
1650317112.7894368, [188, 176, 180, 183, 185, 174, 184, 185, 189, 153]
1650317112.977728, [194, 181, 183, 183, 188, 176, 185, 186, 191, 191]
1650317113.160296, [192, 182, 181, 183, 192, 175, 188, 191, 188, 189]
1650317113.3555899, [191, 183, 182, 177, 184, 176, 186, 190, 194, 191]
1650317113.541795, [178, 184, 182, 183, 190, 172, 188, 188, 190, 188]
1650317113.703074, [48, 52, 60, 83, 153, 156, 184, 183, 187, 191]
1650317113.8761432, [187, 177, 170, 171, 146, 122, 99, 83, 71, 190]
1650317114.044648, [188, 181, 183, 184, 194, 170, 187, 185, 190, 60]
1650317114.224463, [187, 183, 181, 183, 190, 176, 184, 183, 186, 190]
1650317114.4096482, [190, 178, 177, 181, 187, 176, 185, 188, 185, 190]
1650317114.592819, [191, 179, 184, 181, 188, 177, 187, 190, 186, 191]
1650317114.764531, [67, 80, 90, 113, 170, 163, 184, 183, 185, 189]
1650317114.8993459, [158, 100, 66, 62, 57, 50, 57, 61, 73, 192]
1650317115.0652852, [189, 182, 183, 180, 179, 154, 128, 98, 72, 94]
1650317115.245156, [186, 182, 181, 186, 183, 174, 181, 184, 187, 61]
1650317115.434025, [186, 177, 179, 181, 187, 175, 182, 185, 189, 188]
1650317115.619942, [191, 178, 184, 183, 187, 175, 185, 187, 187, 191]
1650317115.806376, [190, 177, 182, 179, 188, 176, 188, 186, 189, 192]
1650317115.993515, [187, 178, 179, 180, 189, 174, 188, 183, 187, 187]
1650317116.149528, [52, 56, 56, 73, 133, 155, 184, 183, 184, 188]
1650317116.3076322, [188, 169, 158, 149, 90, 66, 59, 52, 50, 190]
1650317116.4983711, [186, 180, 183, 178, 190, 173, 188, 183, 186, 51]
1650317116.681365, [191, 180, 184, 181, 192, 174, 181, 184, 187, 190]
1650317116.86992, [192, 182, 178, 184, 191, 176, 184, 189, 190, 190]
1650317117.057833, [190, 181, 178, 182, 186, 177, 188, 184, 189, 191]
1650317117.242847, [187, 179, 173, 169, 184, 170, 182, 185, 190, 190]
1650317117.387747, [51, 45, 40, 44, 59, 72, 114, 137, 177, 255]
1650317117.547991, [187, 174, 169, 159, 91, 58, 54, 45, 44, 183]
1650317117.7295208, [189, 181, 179, 180, 186, 171, 173, 139, 83, 48]
1650317117.914148, [192, 178, 179, 176, 192, 171, 183, 184, 184, 60]
1650317118.100862, [191, 180, 176, 179, 186, 175, 188, 184, 188, 185]
1650317118.2952251, [186, 176, 180, 181, 188, 175, 187, 183, 187, 190]
1650317118.481225, [188, 179, 181, 181, 187, 174, 183, 186, 186, 189]
1650317118.670072, [185, 177, 179, 179, 191, 173, 186, 183, 186, 192]
1650317118.8117518, [58, 53, 42, 50, 64, 72, 104, 110, 148, 189]
1650317118.9728289, [185, 178, 163, 137, 91, 67, 62, 56, 52, 168]
1650317119.156273, [190, 179, 187, 177, 186, 172, 176, 179, 182, 51]
1650317119.357196, [179, 160, 160, 159, 165, 148, 157, 158, 158, 176]
1650317119.82587, [255, 255, 255, 255, 255, 114, 133, 126, 139, 159]
1650317120.3606222, [255, 255, 255, 255, 255, 113, 124, 126, 140, 142]
