1650244897.31235, [255, 255, 255, 255, 255, 255, 255, 255, 255, 255]
1650244897.750599, [255, 255, 255, 255, 255, 255, 255, 255, 255, 255]
1650244898.142812, [255, 255, 255, 255, 255, 255, 255, 255, 255, 255]
1650244898.53981, [255, 255, 255, 255, 255, 255, 255, 255, 255, 255]
1650244898.718762, [49, 52, 89, 100, 184, 255, 255, 92, 47, 86]
1650244898.85617, [61, 58, 61, 63, 98, 125, 164, 108, 74, 39]
1650244899.0064042, [87, 84, 87, 87, 110, 121, 145, 138, 111, 63]
1650244899.155471, [117, 110, 112, 118, 133, 137, 153, 152, 150, 92]
1650244899.3237572, [149, 151, 149, 159, 177, 179, 191, 193, 193, 136]
1650244899.6675, [186, 255, 255, 255, 255, 255, 255, 255, 255, 191]
1650244900.076894, [255, 255, 255, 255, 255, 255, 255, 255, 255, 255]
1650244900.372124, [255, 255, 255, 255, 255, 255, 255, 255, 255, 255]
1650244900.793741, [255, 255, 255, 255, 255, 255, 255, 255, 255, 255]
