1650244803.5763562, [255, 255, 255, 255, 255, 255, 255, 255, 255, 255]
1650244804.127469, [255, 255, 255, 255, 255, 255, 255, 255, 255, 255]
1650244806.5853581, [255, 255, 255, 255, 255, 255, 255, 255, 255, 255]
1650244806.607557, [255, 255, 255, 255, 255, 255, 255, 255, 255, 255]
1650244806.6076102, [255, 255, 255, 255, 255, 255, 255, 255, 255, 255]
1650244806.6076329, [255, 255, 255, 255, 255, 255, 255, 255, 255, 255]
1650244806.6076522, [195, 255, 139, 178, 168, 255, 255, 255, 255, 255]
1650244806.60767, [67, 66, 64, 75, 150, 180, 255, 255, 255, 255]
1650244806.607689, [96, 72, 60, 57, 61, 63, 74, 85, 113, 255]
1650244806.607708, [255, 255, 255, 255, 137, 82, 72, 61, 57, 178]
1650244806.633109, [255, 255, 255, 255, 255, 255, 255, 255, 255, 53]
1650244807.013118, [255, 255, 255, 255, 255, 255, 255, 255, 255, 255]
1650244807.401561, [255, 255, 255, 255, 255, 255, 255, 255, 255, 255]
1650244807.7986271, [255, 255, 255, 255, 255, 255, 255, 255, 255, 255]
1650244808.2234979, [255, 255, 255, 255, 255, 255, 255, 255, 255, 255]
1650244808.630463, [255, 255, 255, 255, 255, 255, 255, 255, 255, 255]
1650244809.002801, [255, 255, 255, 255, 255, 255, 255, 255, 255, 255]
1650244809.452281, [255, 255, 255, 255, 255, 255, 255, 255, 255, 255]
