1650244812.62528, [255, 255, 255, 255, 255, 255, 255, 255, 255, 174]
1650244813.137882, [255, 255, 255, 255, 255, 255, 255, 255, 255, 255]
1650244813.548387, [255, 255, 255, 255, 255, 255, 255, 255, 255, 255]
1650244813.8357592, [255, 255, 255, 255, 255, 255, 255, 255, 255, 255]
1650244814.235667, [255, 255, 255, 255, 255, 255, 255, 255, 255, 255]
1650244814.674765, [255, 255, 255, 255, 255, 255, 255, 255, 255, 255]
1650244814.890384, [255, 255, 148, 148, 173, 184, 201, 189, 255, 255]
1650244815.1858292, [84, 100, 112, 130, 255, 255, 255, 255, 255, 255]
1650244815.2887769, [72, 64, 57, 59, 70, 77, 98, 112, 163, 255]
1650244815.518293, [255, 255, 108, 81, 69, 62, 66, 66, 68, 255]
1650244815.903612, [255, 255, 255, 255, 255, 255, 201, 143, 83, 79]
1650244816.313359, [255, 255, 255, 255, 255, 255, 255, 255, 255, 66]
1650244816.712215, [255, 255, 255, 255, 255, 255, 255, 255, 255, 255]
1650244817.2347882, [255, 255, 255, 255, 255, 255, 255, 255, 255, 255]
1650244817.746828, [255, 255, 255, 255, 255, 255, 255, 255, 255, 255]
