1650679386.5603719, [255, 255, 255, 255, 255, 136, 160, 159, 157, 160]
1650679386.588415, [255, 255, 255, 255, 165, 151, 164, 164, 157, 163]
1650679386.588581, [255, 184, 255, 178, 190, 177, 189, 182, 180, 164]
1650679386.588643, [255, 255, 255, 255, 255, 172, 196, 196, 190, 184]
1650679386.5886998, [255, 255, 255, 255, 255, 169, 185, 184, 174, 255]
1650679386.588758, [255, 188, 178, 172, 185, 160, 174, 168, 162, 177]
1650679386.690331, [169, 168, 152, 150, 161, 149, 164, 156, 140, 160]
1650679387.085668, [132, 125, 115, 115, 117, 117, 143, 150, 114, 136]
1650679387.086035, [83, 70, 62, 67, 92, 124, 175, 135, 64, 92]
1650679387.173256, [52, 47, 42, 49, 161, 158, 177, 86, 48, 51]
1650679387.61016, [44, 42, 45, 162, 255, 169, 186, 189, 183, 40]
1650679387.714745, [255, 255, 255, 189, 255, 163, 180, 179, 168, 255]
1650679388.137088, [189, 178, 167, 159, 166, 152, 164, 161, 152, 167]
1650679388.160594, [149, 142, 135, 134, 139, 134, 142, 141, 129, 146]
1650679388.236875, [113, 106, 94, 93, 107, 108, 144, 143, 93, 122]
1650679388.6722372, [66, 59, 52, 56, 106, 136, 177, 168, 63, 71]
1650679388.696357, [43, 36, 46, 188, 255, 160, 183, 188, 177, 39]
1650679389.182441, [255, 255, 255, 185, 255, 157, 184, 188, 179, 255]
1650679389.705701, [255, 255, 255, 185, 255, 163, 182, 186, 178, 255]
1650679389.724747, [202, 186, 175, 172, 176, 162, 172, 169, 162, 179]
1650679389.72489, [165, 165, 154, 148, 154, 145, 156, 151, 142, 162]
1650679390.230752, [136, 131, 120, 117, 124, 123, 137, 135, 119, 137]
1650679390.2530172, [97, 86, 75, 73, 98, 111, 166, 162, 87, 102]
1650679390.2703202, [51, 45, 39, 41, 161, 157, 187, 181, 73, 57]
1650679390.753846, [29, 21, 33, 185, 255, 161, 181, 186, 179, 20]
1650679390.880256, [255, 255, 255, 191, 255, 157, 178, 186, 185, 255]
1650679391.2782102, [255, 255, 255, 186, 255, 158, 184, 189, 179, 255]
1650679391.802916, [192, 181, 164, 162, 163, 152, 168, 157, 154, 185]
1650679391.82086, [144, 152, 141, 143, 145, 142, 152, 151, 147, 155]
1650679391.821146, [129, 129, 117, 120, 128, 124, 144, 142, 118, 140]
1650679391.946958, [99, 91, 82, 82, 105, 113, 160, 156, 87, 104]
1650679392.3278909, [58, 52, 47, 56, 159, 149, 184, 179, 117, 65]
1650679392.371802, [27, 25, 17, 48, 255, 153, 181, 187, 183, 28]
1650679392.851147, [255, 255, 255, 188, 255, 153, 184, 183, 177, 255]
1650679393.3760982, [255, 255, 255, 183, 255, 152, 180, 181, 176, 255]
1650679393.398728, [255, 255, 188, 177, 175, 157, 171, 162, 157, 255]
1650679393.900148, [156, 158, 145, 142, 149, 145, 156, 155, 150, 153]
1650679393.916018, [145, 140, 134, 133, 143, 135, 146, 143, 123, 146]
1650679393.9162629, [119, 113, 101, 100, 119, 114, 122, 96, 79, 115]
1650679394.063561, [73, 66, 64, 75, 177, 128, 63, 41, 35, 72]
1650679394.424565, [35, 36, 100, 171, 255, 145, 32, 23, 21, 32]
1650679394.949706, [28, 35, 255, 189, 255, 155, 181, 178, 179, 20]
1650679394.966007, [255, 255, 255, 186, 255, 151, 182, 178, 175, 255]
1650679395.473022, [255, 182, 170, 159, 162, 150, 159, 151, 140, 191]
1650679395.4917629, [144, 138, 125, 128, 137, 129, 140, 130, 112, 138]
1650679395.492036, [109, 106, 93, 94, 117, 113, 117, 87, 71, 104]
1650679396.014762, [71, 64, 60, 63, 148, 141, 120, 52, 36, 66]
1650679396.015331, [35, 32, 26, 77, 255, 155, 69, 37, 39, 31]
1650679396.521573, [255, 255, 255, 187, 255, 154, 183, 183, 182, 143]
1650679396.551023, [255, 255, 255, 184, 255, 169, 181, 179, 173, 255]
1650679397.046713, [189, 183, 175, 169, 169, 157, 165, 156, 150, 178]
1650679397.064734, [148, 146, 132, 130, 138, 128, 135, 128, 109, 143]
1650679397.0837839, [104, 98, 90, 88, 110, 106, 107, 83, 61, 98]
1650679397.570849, [58, 53, 46, 56, 181, 150, 105, 39, 31, 53]
1650679397.5896041, [34, 28, 21, 49, 192, 121, 72, 86, 172, 28]
1650679398.097335, [255, 255, 255, 188, 255, 156, 180, 186, 176, 255]
1650679398.134677, [255, 255, 255, 185, 255, 161, 172, 166, 163, 255]
1650679398.619033, [172, 162, 157, 151, 159, 149, 157, 154, 146, 166]
1650679398.6367412, [147, 148, 132, 135, 140, 133, 141, 134, 115, 141]
1650679398.6548212, [113, 110, 97, 91, 111, 109, 105, 85, 68, 106]
1650679399.146584, [64, 57, 51, 53, 170, 152, 161, 47, 24, 59]
1650679399.166228, [30, 26, 18, 45, 197, 145, 78, 83, 171, 21]
1650679399.6674051, [255, 255, 255, 185, 255, 159, 180, 180, 179, 255]
1650679399.725248, [255, 255, 255, 186, 194, 157, 171, 160, 156, 255]
1650679400.191224, [165, 158, 151, 149, 156, 149, 155, 148, 143, 152]
1650679400.20848, [147, 145, 131, 130, 133, 124, 132, 123, 106, 134]
1650679400.2259688, [108, 98, 84, 84, 101, 105, 102, 76, 60, 93]
1650679400.716067, [63, 56, 47, 48, 124, 142, 133, 44, 25, 54]
1650679400.7338161, [28, 24, 12, 33, 191, 143, 58, 56, 172, 22]
1650679401.2413518, [255, 255, 255, 192, 255, 158, 188, 187, 187, 255]
1650679401.3045309, [255, 255, 255, 190, 255, 171, 188, 198, 185, 255]
1650679401.7622788, [255, 255, 255, 185, 255, 165, 185, 188, 178, 255]
1650679402.286921, [255, 255, 255, 179, 255, 160, 183, 188, 180, 255]
1650679402.406401, [255, 255, 255, 185, 255, 163, 186, 188, 177, 255]
