1650317091.737269, [166, 165, 172, 171, 180, 165, 182, 175, 187, 180]
1650317091.931068, [180, 173, 178, 175, 182, 163, 176, 183, 189, 193]
1650317092.122918, [193, 180, 183, 181, 190, 174, 186, 186, 192, 255]
1650317092.3006232, [187, 180, 182, 182, 187, 172, 189, 188, 189, 255]
1650317092.479285, [189, 183, 183, 181, 189, 175, 181, 102, 61, 255]
1650317092.636576, [194, 180, 185, 176, 102, 58, 55, 59, 85, 53]
1650317092.793377, [192, 113, 54, 49, 58, 75, 165, 187, 194, 179]
1650317092.961353, [58, 73, 132, 186, 189, 173, 189, 194, 194, 255]
1650317093.146909, [193, 181, 186, 178, 194, 177, 192, 196, 192, 255]
1650317093.330247, [172, 181, 186, 183, 190, 182, 191, 190, 194, 255]
1650317093.517716, [190, 182, 188, 188, 255, 181, 191, 186, 125, 255]
1650317093.6862988, [195, 182, 183, 181, 157, 78, 62, 55, 72, 70]
1650317093.832721, [194, 163, 69, 55, 59, 66, 123, 183, 192, 131]
1650317094.001923, [70, 54, 54, 67, 158, 174, 193, 193, 194, 255]
1650317094.167957, [106, 175, 175, 181, 193, 180, 194, 192, 193, 255]
1650317094.352216, [197, 180, 189, 184, 196, 183, 192, 196, 196, 255]
1650317094.538763, [195, 190, 189, 183, 194, 183, 192, 190, 179, 255]
1650317094.726439, [194, 179, 186, 186, 196, 178, 190, 195, 197, 151]
1650317094.908306, [197, 180, 188, 185, 196, 175, 189, 162, 62, 255]
1650317095.066815, [192, 185, 188, 182, 99, 46, 44, 51, 130, 45]
1650317095.227961, [172, 49, 33, 44, 117, 177, 192, 192, 194, 255]
1650317095.410793, [79, 181, 185, 183, 194, 179, 191, 192, 197, 255]
1650317095.592169, [192, 181, 192, 186, 196, 180, 193, 192, 193, 255]
1650317095.781708, [194, 184, 187, 185, 194, 176, 193, 194, 196, 255]
1650317095.9717262, [194, 188, 189, 185, 196, 179, 188, 195, 195, 255]
1650317096.160521, [188, 187, 185, 185, 196, 181, 191, 188, 194, 255]
1650317096.332528, [191, 188, 184, 185, 196, 176, 80, 36, 32, 160]
1650317096.492675, [191, 181, 187, 116, 38, 31, 40, 57, 185, 44]
1650317096.661303, [185, 71, 32, 33, 40, 58, 180, 190, 193, 255]
1650317096.838243, [45, 67, 177, 179, 255, 182, 191, 196, 196, 255]
1650317097.015557, [190, 187, 185, 186, 255, 180, 191, 192, 194, 255]
1650317097.2049448, [197, 187, 190, 183, 255, 183, 191, 195, 194, 255]
1650317097.399018, [196, 182, 187, 186, 255, 182, 194, 193, 193, 255]
1650317097.587091, [195, 186, 192, 183, 195, 182, 194, 193, 195, 255]
1650317097.7628748, [188, 189, 188, 189, 192, 157, 51, 38, 42, 255]
1650317097.927535, [193, 175, 45, 38, 47, 93, 189, 196, 197, 137]
1650317098.114193, [60, 177, 189, 189, 255, 184, 192, 193, 195, 255]
1650317098.3046489, [197, 184, 189, 188, 255, 182, 193, 195, 255, 255]
1650317098.503148, [196, 186, 193, 189, 255, 182, 196, 196, 255, 255]
1650317098.6864839, [199, 185, 188, 182, 197, 182, 195, 195, 198, 255]
1650317099.0745442, [195, 179, 189, 187, 195, 182, 196, 194, 106, 255]
1650317099.1186821, [196, 186, 188, 165, 49, 38, 60, 181, 196, 46]
1650317099.214432, [45, 44, 81, 186, 255, 188, 190, 192, 196, 255]
1650317099.419286, [197, 188, 192, 181, 255, 183, 200, 194, 197, 255]
1650317099.599675, [192, 189, 189, 187, 255, 184, 197, 197, 196, 255]
1650317099.7966669, [195, 186, 188, 188, 255, 184, 199, 195, 255, 255]
1650317099.975987, [196, 190, 185, 186, 255, 177, 121, 57, 49, 255]
1650317100.1416829, [200, 153, 46, 42, 61, 148, 200, 195, 255, 82]
1650317100.3318982, [185, 184, 162, 184, 255, 178, 200, 193, 255, 255]
1650317100.525153, [193, 184, 187, 189, 196, 178, 192, 191, 192, 255]
1650317100.707055, [190, 179, 182, 175, 183, 163, 172, 172, 177, 255]
1650317100.911299, [178, 166, 158, 157, 164, 143, 156, 152, 153, 179]
1650317101.415667, [255, 255, 255, 255, 255, 122, 133, 129, 147, 157]
