1650317127.6551528, [166, 157, 159, 165, 169, 155, 168, 169, 171, 165]
1650317127.837606, [185, 173, 176, 177, 181, 172, 179, 180, 179, 178]
1650317128.020975, [184, 177, 177, 172, 185, 171, 182, 180, 186, 181]
1650317128.199285, [190, 176, 179, 174, 187, 169, 179, 176, 182, 188]
1650317128.375556, [187, 174, 168, 162, 168, 155, 166, 160, 158, 178]
1650317128.545944, [184, 166, 148, 141, 145, 136, 144, 136, 143, 163]
1650317128.695969, [179, 143, 114, 102, 103, 94, 103, 105, 131, 159]
1650317128.849507, [191, 151, 90, 69, 56, 48, 55, 59, 109, 176]
1650317129.016981, [195, 180, 172, 64, 27, 20, 25, 39, 188, 179]
1650317129.169808, [193, 184, 178, 44, 26, 26, 35, 48, 137, 255]
1650317129.3248599, [191, 175, 86, 64, 56, 57, 77, 86, 126, 188]
1650317129.485399, [178, 126, 100, 106, 118, 126, 141, 146, 159, 174]
1650317129.654848, [166, 157, 148, 146, 154, 151, 161, 151, 160, 173]
1650317129.8099358, [164, 135, 113, 108, 108, 101, 107, 108, 134, 174]
1650317129.963635, [185, 147, 75, 53, 40, 37, 42, 60, 184, 179]
1650317130.128006, [197, 183, 179, 36, 20, 16, 21, 46, 185, 255]
1650317130.289082, [191, 179, 84, 55, 52, 52, 72, 88, 129, 255]
1650317130.442723, [175, 128, 106, 109, 121, 125, 139, 146, 156, 177]
1650317130.611326, [167, 156, 144, 147, 159, 152, 159, 159, 163, 168]
1650317130.771612, [164, 149, 135, 131, 138, 131, 136, 134, 145, 167]
1650317130.9233, [176, 137, 97, 83, 73, 64, 71, 71, 102, 168]
1650317131.082342, [190, 183, 169, 85, 31, 20, 25, 20, 173, 176]
1650317131.2509649, [195, 183, 189, 172, 25, 16, 22, 18, 46, 255]
1650317131.4254878, [188, 178, 181, 91, 40, 35, 44, 53, 102, 182]
1650317131.56305, [188, 158, 84, 65, 65, 68, 85, 101, 144, 178]
1650317131.721278, [152, 117, 96, 99, 110, 122, 137, 142, 160, 178]
1650317131.888108, [154, 144, 139, 138, 153, 147, 159, 154, 161, 173]
1650317132.048364, [160, 146, 131, 129, 131, 130, 137, 135, 149, 167]
1650317132.201206, [174, 136, 102, 92, 80, 72, 73, 73, 81, 170]
1650317132.367332, [193, 183, 187, 178, 118, 38, 30, 26, 24, 110]
1650317132.534477, [194, 186, 182, 182, 135, 23, 28, 23, 24, 116]
1650317132.697022, [197, 185, 184, 161, 74, 55, 57, 63, 76, 69]
1650317132.86397, [194, 175, 144, 127, 110, 109, 123, 123, 137, 103]
1650317133.034483, [179, 161, 144, 144, 154, 153, 157, 156, 161, 148]
1650317133.206497, [159, 150, 136, 134, 137, 136, 147, 145, 165, 160]
1650317133.3524501, [121, 104, 81, 79, 90, 94, 115, 149, 191, 173]
1650317133.5031638, [108, 51, 33, 34, 37, 61, 188, 190, 193, 191]
1650317133.6656299, [182, 19, 13, 18, 22, 144, 188, 188, 194, 255]
1650317133.817746, [47, 41, 38, 52, 96, 137, 180, 183, 184, 192]
1650317133.971738, [90, 87, 79, 91, 108, 111, 127, 132, 150, 178]
1650317134.139453, [170, 150, 128, 127, 121, 114, 118, 113, 117, 166]
1650317134.2948108, [193, 183, 184, 173, 126, 85, 69, 61, 53, 121]
1650317134.4590201, [188, 185, 186, 178, 111, 32, 30, 26, 32, 58]
1650317134.626078, [193, 182, 180, 85, 24, 23, 25, 83, 189, 163]
1650317134.7886138, [184, 43, 25, 31, 44, 74, 172, 187, 189, 192]
1650317134.936095, [74, 68, 65, 79, 110, 126, 159, 159, 157, 184]
1650317135.0933309, [121, 124, 115, 129, 141, 146, 153, 153, 160, 160]
1650317135.2487009, [134, 126, 111, 111, 119, 119, 129, 132, 164, 164]
1650317135.403064, [140, 104, 73, 64, 61, 59, 67, 74, 149, 180]
1650317135.554993, [194, 184, 84, 32, 27, 22, 28, 61, 187, 187]
1650317135.717228, [194, 183, 158, 40, 33, 32, 42, 53, 101, 255]
1650317135.888015, [190, 148, 83, 76, 75, 81, 103, 111, 141, 173]
1650317136.0382552, [164, 133, 123, 127, 138, 137, 150, 146, 152, 161]
1650317136.189912, [155, 134, 115, 114, 114, 110, 116, 114, 128, 155]
1650317136.3472939, [187, 162, 104, 70, 52, 41, 44, 42, 72, 163]
1650317136.5126882, [195, 180, 186, 126, 21, 16, 21, 20, 119, 180]
1650317136.705266, [192, 186, 184, 183, 187, 176, 185, 188, 187, 191]
1650317136.90322, [186, 172, 171, 163, 171, 150, 165, 162, 157, 186]
1650317137.453494, [255, 131, 255, 255, 255, 117, 130, 127, 142, 161]
