1650755356.760051, [255, 255, 255, 255, 255, 255, 161, 164, 177, 255]
1650755357.078885, [255, 176, 255, 255, 255, 189, 255, 255, 255, 175]
1650755357.589865, [255, 255, 255, 255, 255, 255, 255, 255, 255, 255]
1650755357.895616, [255, 255, 255, 255, 255, 255, 255, 255, 255, 255]
1650755358.138749, [255, 255, 255, 255, 255, 255, 255, 255, 255, 255]
1650755358.3487492, [255, 186, 184, 180, 181, 181, 193, 179, 180, 255]
1650755358.535538, [182, 163, 157, 155, 163, 155, 168, 162, 170, 182]
1650755358.699455, [167, 135, 123, 110, 116, 115, 124, 125, 140, 181]
1650755358.8717709, [255, 128, 88, 74, 62, 65, 78, 80, 116, 192]
1650755359.0710201, [255, 255, 85, 47, 35, 32, 40, 51, 183, 255]
1650755359.3413801, [255, 255, 255, 33, 21, 22, 255, 255, 255, 255]
1650755359.6384482, [255, 255, 255, 255, 255, 182, 57, 59, 183, 255]
1650755359.845519, [255, 255, 57, 44, 42, 41, 59, 71, 146, 255]
1650755360.0240252, [255, 91, 70, 67, 72, 79, 101, 114, 152, 255]
1650755360.184782, [133, 106, 97, 98, 110, 115, 136, 136, 146, 166]
1650755360.3544571, [148, 133, 134, 130, 144, 147, 155, 147, 155, 143]
1650755360.5312388, [174, 155, 156, 158, 157, 156, 161, 157, 171, 154]
1650755360.841934, [255, 255, 255, 255, 255, 255, 255, 255, 255, 255]
1650755361.123049, [255, 255, 255, 255, 255, 255, 255, 255, 255, 255]
1650755361.3986712, [255, 255, 255, 255, 255, 255, 255, 255, 255, 255]
1650755361.664596, [255, 255, 255, 255, 255, 255, 255, 255, 255, 255]
1650755361.91043, [255, 255, 255, 255, 255, 255, 255, 255, 255, 255]
1650755362.213084, [255, 255, 255, 255, 255, 255, 255, 255, 255, 255]
1650755362.4506109, [125, 71, 79, 255, 255, 255, 139, 37, 27, 255]
1650755362.639488, [35, 38, 80, 255, 255, 255, 151, 57, 44, 23]
1650755362.822612, [52, 62, 114, 255, 255, 175, 104, 82, 76, 42]
1650755362.9926999, [86, 101, 136, 181, 255, 141, 122, 113, 103, 67]
1650755363.162358, [124, 136, 156, 179, 175, 147, 141, 133, 130, 98]
1650755363.331378, [153, 164, 168, 176, 172, 160, 159, 151, 154, 133]
1650755363.5331352, [170, 177, 174, 188, 176, 174, 255, 255, 255, 150]
1650755363.8604748, [255, 255, 255, 255, 255, 255, 255, 255, 255, 255]
1650755364.173813, [255, 255, 255, 255, 255, 255, 255, 255, 255, 255]
1650755364.3714108, [255, 255, 255, 191, 178, 170, 171, 168, 162, 255]
1650755364.544597, [182, 183, 179, 181, 176, 160, 158, 145, 143, 162]
1650755364.713135, [157, 164, 169, 174, 183, 155, 142, 127, 119, 139]
1650755364.887121, [133, 148, 158, 189, 255, 152, 133, 106, 94, 110]
1650755365.0838022, [102, 120, 154, 255, 255, 255, 176, 87, 61, 82]
1650755365.307213, [67, 98, 255, 255, 255, 255, 255, 112, 30, 48]
1650755365.510859, [29, 23, 43, 255, 255, 255, 255, 25, 20, 20]
1650755365.699282, [26, 20, 13, 115, 255, 38, 49, 255, 255, 14]
1650755366.0540512, [255, 255, 255, 255, 255, 255, 255, 255, 255, 255]
1650755366.3929422, [255, 255, 255, 255, 255, 255, 255, 255, 255, 255]
1650755366.761025, [255, 255, 255, 255, 255, 255, 255, 255, 255, 255]
1650755367.109055, [255, 255, 255, 255, 255, 255, 255, 255, 255, 255]
1650755367.625095, [255, 179, 255, 255, 255, 255, 255, 255, 255, 255]
1650755368.121357, [255, 255, 255, 255, 255, 255, 255, 255, 255, 255]
1650755368.648533, [255, 255, 255, 255, 255, 255, 255, 255, 255, 255]
