1650244821.35855, [255, 255, 255, 255, 255, 255, 255, 255, 255, 174]
1650244821.842745, [255, 255, 255, 255, 255, 255, 255, 255, 255, 255]
1650244822.3547032, [255, 255, 255, 255, 255, 255, 255, 255, 255, 255]
1650244822.76466, [255, 255, 255, 255, 255, 255, 255, 255, 255, 255]
1650244823.1049018, [255, 255, 255, 255, 255, 255, 255, 255, 255, 255]
1650244823.583724, [255, 255, 255, 255, 255, 255, 255, 255, 255, 255]
1650244823.653636, [92, 89, 82, 82, 90, 90, 98, 95, 96, 166]
1650244824.0957282, [255, 255, 255, 255, 255, 255, 255, 255, 255, 99]
1650244824.6082408, [255, 255, 255, 255, 255, 255, 255, 255, 255, 255]
1650244825.0174432, [255, 255, 255, 255, 255, 255, 255, 204, 196, 255]
1650244825.424007, [255, 255, 255, 255, 255, 255, 255, 255, 255, 185]
