1650256785.790804, [255, 255, 255, 255, 195, 169, 187, 188, 178, 189]
1650256786.20633, [255, 255, 255, 187, 191, 162, 182, 176, 179, 173]
1650256786.510002, [255, 255, 255, 255, 255, 181, 196, 200, 190, 179]
1650256786.824882, [255, 255, 255, 255, 255, 186, 207, 202, 255, 188]
1650256787.228815, [255, 255, 255, 255, 255, 186, 255, 203, 198, 255]
1650256787.53823, [255, 255, 255, 255, 255, 188, 205, 203, 195, 255]
1650256787.8432288, [255, 255, 255, 128, 50, 38, 53, 66, 178, 181]
1650256787.9935832, [67, 48, 41, 47, 159, 182, 255, 202, 193, 192]
1650256788.3552582, [255, 255, 255, 255, 255, 183, 204, 255, 197, 255]
1650256788.682806, [255, 255, 255, 255, 255, 187, 203, 203, 191, 255]
1650256789.027689, [255, 255, 255, 255, 255, 189, 204, 202, 198, 255]
1650256789.379542, [255, 255, 255, 255, 255, 191, 255, 255, 196, 255]
1650256789.708488, [255, 255, 255, 255, 255, 191, 200, 200, 110, 255]
1650256789.9733, [255, 255, 255, 255, 70, 43, 52, 50, 64, 49]
1650256790.194767, [255, 60, 44, 44, 58, 95, 201, 201, 197, 140]
1650256790.505737, [71, 255, 255, 255, 255, 190, 207, 202, 197, 255]
1650256790.825854, [255, 255, 255, 255, 255, 187, 206, 204, 255, 255]
1650256791.222841, [255, 255, 255, 255, 255, 192, 255, 201, 255, 255]
1650256791.5205069, [255, 255, 255, 255, 255, 186, 206, 255, 198, 255]
1650256791.838352, [255, 255, 255, 255, 255, 187, 205, 201, 195, 255]
1650256792.144153, [255, 255, 255, 255, 173, 56, 51, 45, 55, 128]
1650256792.311193, [255, 73, 43, 39, 53, 83, 255, 199, 255, 106]
1650256792.656157, [70, 255, 255, 255, 255, 186, 205, 255, 255, 255]
1650256792.963309, [255, 255, 255, 255, 255, 188, 205, 203, 255, 193]
1650256793.372978, [255, 255, 255, 255, 255, 193, 255, 202, 198, 255]
1650256793.665112, [255, 255, 255, 255, 255, 189, 255, 255, 255, 255]
1650256793.9559522, [255, 255, 255, 255, 255, 190, 255, 255, 198, 255]
1650256794.294685, [255, 255, 255, 255, 255, 87, 53, 43, 49, 255]
1650256794.465743, [255, 63, 42, 43, 64, 161, 203, 255, 198, 100]
1650256794.9705431, [255, 255, 255, 255, 255, 192, 255, 203, 255, 255]
1650256795.138776, [255, 255, 255, 255, 255, 191, 255, 255, 255, 255]
1650256795.523354, [255, 255, 255, 255, 255, 190, 204, 255, 198, 255]
1650256795.9330308, [255, 255, 255, 255, 255, 188, 255, 255, 255, 255]
1650256796.2405272, [255, 255, 255, 255, 255, 188, 255, 255, 199, 255]
1650256796.5456169, [255, 255, 255, 255, 255, 186, 180, 71, 49, 255]
1650256796.764286, [255, 255, 255, 179, 59, 45, 52, 51, 79, 46]
1650256797.059521, [255, 66, 43, 43, 53, 72, 188, 255, 255, 174]
1650256797.2291331, [52, 68, 255, 255, 255, 188, 255, 255, 255, 255]
1650256797.549061, [255, 255, 255, 255, 255, 195, 255, 255, 255, 255]
1650256797.843078, [255, 255, 255, 255, 255, 194, 204, 255, 197, 255]
1650256798.1874392, [255, 255, 255, 255, 255, 181, 197, 193, 182, 255]
1650256798.493087, [255, 255, 255, 255, 192, 179, 192, 183, 180, 185]
1650256798.67311, [255, 255, 255, 255, 192, 178, 190, 183, 178, 175]
