1650244771.257108, [255, 255, 255, 255, 255, 255, 255, 255, 255, 255]
1650244771.665528, [255, 255, 255, 255, 255, 255, 255, 255, 255, 255]
1650244772.076007, [255, 255, 255, 255, 255, 255, 255, 255, 255, 255]
1650244772.485677, [255, 255, 255, 255, 255, 255, 255, 255, 255, 255]
1650244772.8206341, [255, 255, 255, 255, 255, 255, 255, 255, 255, 255]
1650244773.1902652, [255, 255, 255, 255, 255, 255, 255, 255, 255, 255]
1650244773.562349, [255, 255, 255, 255, 255, 255, 255, 255, 255, 255]
1650244773.919189, [255, 255, 255, 255, 255, 255, 255, 184, 72, 255]
1650244774.22652, [255, 255, 255, 255, 255, 141, 66, 56, 50, 50]
1650244774.384419, [255, 255, 255, 86, 62, 51, 58, 69, 101, 57]
1650244774.5753732, [255, 81, 55, 50, 57, 63, 97, 170, 255, 255]
1650244774.74177, [76, 60, 52, 57, 71, 101, 255, 197, 179, 255]
1650244774.919313, [64, 57, 57, 63, 136, 183, 162, 145, 255, 184]
1650244775.1418009, [67, 82, 129, 184, 160, 255, 255, 255, 255, 255]
1650244775.557636, [255, 255, 255, 255, 255, 255, 255, 255, 255, 255]
1650244775.847583, [255, 255, 255, 255, 255, 255, 255, 255, 255, 255]
1650244776.2743192, [255, 255, 255, 255, 255, 255, 255, 255, 255, 255]
1650244776.684219, [255, 255, 255, 255, 255, 255, 255, 255, 255, 255]
1650244777.0925372, [255, 255, 255, 255, 255, 255, 255, 255, 255, 255]
