1650244859.250815, [255, 255, 255, 255, 255, 255, 255, 255, 255, 255]
1650244859.7312782, [255, 255, 255, 255, 255, 255, 255, 255, 255, 255]
1650244860.158324, [255, 255, 255, 255, 255, 255, 255, 255, 255, 255]
1650244860.602871, [255, 255, 255, 255, 255, 255, 255, 255, 255, 255]
1650244861.0648801, [255, 255, 255, 255, 255, 255, 255, 255, 255, 255]
1650244861.36948, [255, 255, 255, 255, 255, 255, 194, 180, 171, 255]
1650244861.528534, [168, 148, 142, 140, 151, 150, 160, 160, 154, 164]
1650244861.696048, [145, 134, 126, 129, 142, 141, 153, 151, 147, 147]
1650244861.8564968, [138, 131, 122, 126, 139, 136, 146, 148, 145, 140]
1650244862.01036, [132, 122, 113, 119, 128, 130, 139, 140, 139, 124]
1650244862.166751, [121, 111, 106, 108, 118, 118, 135, 135, 129, 113]
1650244862.318513, [116, 103, 99, 98, 111, 113, 132, 136, 121, 103]
1650244862.469634, [105, 95, 91, 89, 104, 107, 133, 134, 109, 96]
1650244862.618861, [98, 90, 80, 83, 101, 104, 132, 130, 89, 84]
1650244862.767083, [86, 78, 73, 76, 92, 107, 145, 116, 74, 73]
1650244862.911262, [77, 64, 65, 68, 91, 112, 157, 92, 62, 62]
1650244863.062019, [69, 59, 57, 59, 87, 130, 151, 75, 51, 52]
1650244863.210867, [62, 54, 52, 57, 89, 148, 151, 63, 46, 46]
1650244863.3644748, [55, 51, 48, 52, 97, 176, 150, 53, 37, 41]
1650244863.5299048, [50, 45, 41, 47, 110, 255, 156, 47, 31, 33]
1650244863.688662, [46, 42, 34, 46, 157, 255, 128, 34, 28, 30]
1650244863.870605, [37, 33, 30, 40, 255, 255, 155, 22, 17, 21]
1650244864.064385, [28, 27, 18, 45, 255, 255, 255, 18, 15, 13]
1650244864.258404, [27, 24, 22, 36, 255, 62, 45, 255, 255, 11]
1650244864.746608, [255, 255, 255, 255, 255, 255, 255, 255, 255, 255]
1650244865.055892, [255, 255, 255, 255, 255, 255, 255, 255, 255, 255]
1650244865.357204, [255, 255, 255, 255, 255, 255, 255, 255, 255, 255]
1650244865.7726579, [255, 255, 255, 255, 255, 255, 255, 255, 255, 255]
