1650256706.0423748, [255, 255, 255, 255, 255, 187, 255, 255, 255, 255]
1650256706.4334788, [255, 255, 255, 255, 255, 194, 255, 255, 255, 255]
1650256706.553117, [255, 255, 255, 255, 255, 189, 255, 255, 255, 255]
1650256706.8114922, [255, 197, 255, 184, 194, 176, 189, 189, 185, 255]
1650256706.9745548, [255, 165, 161, 145, 147, 143, 159, 153, 153, 182]
1650256707.145547, [182, 140, 119, 108, 113, 108, 125, 123, 129, 162]
1650256707.3090281, [178, 122, 91, 80, 77, 75, 91, 90, 110, 158]
1650256707.485518, [255, 141, 81, 54, 51, 45, 59, 62, 100, 174]
1650256707.6597161, [255, 186, 69, 28, 27, 22, 34, 61, 255, 255]
1650256707.8772779, [255, 59, 22, 255, 255, 190, 255, 255, 255, 255]
1650256708.277048, [255, 192, 255, 255, 255, 184, 255, 255, 255, 255]
1650256708.350305, [255, 194, 255, 183, 195, 180, 198, 190, 189, 255]
1650256708.525621, [151, 146, 150, 146, 156, 150, 167, 165, 169, 187]
1650256708.692528, [136, 127, 121, 115, 125, 125, 143, 144, 166, 174]
1650256708.908997, [124, 103, 87, 81, 90, 84, 110, 111, 152, 191]
1650256709.007622, [172, 93, 64, 51, 52, 49, 64, 70, 129, 255]
1650256709.186093, [255, 179, 60, 31, 29, 24, 40, 63, 255, 255]
1650256709.5639648, [255, 75, 25, 255, 255, 193, 255, 255, 255, 255]
1650256709.65533, [255, 190, 255, 255, 255, 189, 255, 255, 255, 255]
1650256709.9598458, [255, 193, 255, 255, 255, 188, 207, 200, 255, 255]
1650256710.0706, [160, 141, 139, 133, 139, 139, 157, 151, 156, 255]
1650256710.2336671, [166, 138, 121, 110, 112, 106, 121, 114, 120, 172]
1650256710.401974, [201, 139, 103, 79, 72, 62, 75, 71, 84, 146]
1650256710.6125262, [255, 191, 170, 71, 40, 31, 39, 37, 56, 132]
1650256710.7618291, [255, 197, 255, 60, 23, 15, 26, 27, 98, 172]
1650256711.005622, [255, 194, 255, 51, 23, 17, 94, 255, 255, 255]
1650256711.2472908, [255, 195, 255, 255, 255, 191, 255, 255, 255, 255]
1650256711.462095, [255, 194, 255, 255, 255, 189, 255, 255, 255, 255]
1650256711.701547, [255, 190, 255, 255, 255, 184, 255, 255, 255, 255]
1650256711.888157, [171, 150, 147, 138, 154, 146, 159, 154, 156, 255]
1650256712.0556538, [174, 139, 124, 106, 107, 104, 115, 105, 110, 170]
1650256712.235004, [255, 181, 153, 102, 69, 53, 55, 53, 57, 128]
1650256712.475211, [255, 191, 255, 155, 36, 18, 29, 19, 41, 85]
1650256712.710093, [255, 193, 255, 182, 24, 11, 25, 73, 255, 255]
1650256712.870472, [255, 193, 255, 255, 255, 191, 255, 255, 255, 255]
1650256713.116647, [255, 192, 255, 255, 255, 186, 255, 255, 255, 255]
1650256713.396717, [203, 185, 255, 182, 255, 180, 197, 202, 255, 255]
1650256713.517791, [175, 165, 168, 161, 175, 168, 190, 186, 192, 255]
1650256713.758838, [160, 151, 148, 142, 155, 149, 170, 165, 173, 255]
1650256713.873142, [156, 135, 128, 116, 119, 112, 127, 121, 127, 178]
1650256714.037688, [194, 132, 91, 71, 66, 58, 73, 71, 92, 159]
1650256714.205881, [255, 189, 123, 53, 39, 31, 40, 43, 87, 168]
1650256714.3969688, [255, 194, 255, 48, 18, 13, 24, 28, 255, 255]
1650256714.588535, [255, 192, 255, 50, 17, 12, 24, 26, 192, 255]
1650256714.8099022, [255, 192, 33, 44, 255, 192, 255, 255, 255, 255]
1650256715.057324, [255, 197, 255, 255, 255, 194, 255, 255, 255, 255]
1650256715.299832, [255, 195, 255, 255, 255, 189, 255, 255, 255, 255]
1650256715.513661, [255, 190, 255, 186, 255, 182, 255, 255, 255, 255]
1650256715.85586, [255, 185, 255, 190, 255, 178, 198, 203, 255, 255]
1650256715.9756951, [203, 185, 255, 186, 255, 180, 197, 199, 198, 255]
1650256716.249001, [255, 182, 255, 185, 255, 179, 199, 199, 255, 255]
