1650244947.9381871, [255, 255, 255, 255, 255, 255, 255, 255, 255, 186]
1650244948.410066, [255, 255, 255, 255, 255, 255, 255, 255, 255, 255]
1650244948.920419, [255, 255, 255, 255, 255, 255, 255, 255, 255, 255]
1650244949.3318772, [255, 255, 255, 255, 255, 255, 255, 255, 255, 255]
1650244949.639074, [255, 255, 255, 255, 255, 197, 199, 187, 180, 255]
1650244949.8544052, [255, 255, 255, 255, 145, 129, 124, 118, 117, 177]
1650244950.1201978, [255, 255, 255, 255, 76, 59, 56, 53, 57, 118]
1650244950.458225, [255, 255, 255, 192, 34, 21, 24, 23, 44, 70]
1650244950.685357, [255, 255, 255, 255, 74, 44, 46, 46, 47, 183]
1650244950.968172, [255, 255, 255, 255, 99, 72, 72, 72, 75, 57]
1650244951.256444, [255, 255, 255, 184, 120, 104, 106, 105, 107, 83]
1650244951.553306, [255, 255, 255, 255, 155, 140, 149, 143, 153, 116]
1650244951.860218, [255, 255, 255, 255, 171, 157, 150, 150, 149, 152]
1650244952.154158, [255, 255, 255, 255, 137, 118, 109, 103, 98, 145]
1650244952.506069, [255, 255, 255, 255, 99, 70, 64, 62, 63, 104]
1650244952.716778, [255, 255, 255, 255, 60, 34, 37, 34, 37, 70]
1650244953.120511, [255, 255, 255, 255, 181, 16, 23, 21, 23, 59]
1650244953.3440058, [255, 255, 255, 255, 95, 51, 48, 48, 49, 60]
1650244953.632587, [255, 255, 255, 255, 122, 94, 90, 86, 85, 60]
1650244953.939262, [255, 255, 255, 255, 175, 139, 138, 128, 128, 97]
1650244954.24404, [255, 255, 255, 255, 255, 172, 164, 154, 147, 134]
1650244954.551574, [255, 255, 255, 255, 133, 112, 109, 104, 103, 143]
1650244954.7903879, [255, 255, 255, 255, 88, 67, 63, 59, 60, 106]
1650244955.073295, [255, 255, 255, 255, 65, 33, 33, 31, 31, 69]
1650244955.4764428, [255, 255, 255, 255, 94, 13, 19, 19, 28, 57]
1650244955.683289, [255, 255, 255, 255, 96, 37, 37, 37, 36, 255]
1650244955.987782, [255, 255, 255, 255, 101, 63, 60, 58, 59, 45]
1650244956.294944, [255, 255, 255, 255, 127, 100, 97, 89, 90, 68]
1650244956.5996008, [255, 255, 255, 255, 165, 140, 134, 127, 131, 97]
1650244957.0127401, [255, 255, 255, 255, 255, 180, 164, 150, 149, 135]
1650244957.216955, [255, 255, 255, 255, 143, 113, 104, 96, 92, 145]
1650244957.6263309, [255, 255, 255, 255, 99, 64, 63, 57, 54, 98]
1650244957.839655, [255, 255, 255, 255, 116, 39, 35, 32, 30, 63]
1650244958.2405481, [255, 255, 255, 255, 161, 24, 25, 25, 22, 42]
1650244958.4504151, [255, 255, 255, 255, 109, 55, 51, 47, 51, 40]
1650244958.85487, [255, 255, 255, 255, 124, 89, 83, 81, 82, 57]
1650244959.061656, [255, 255, 255, 255, 165, 135, 129, 124, 123, 91]
1650244959.4693289, [255, 255, 255, 255, 255, 178, 162, 153, 153, 121]
1650244959.8792388, [255, 255, 255, 255, 255, 255, 255, 255, 255, 174]
1650244960.229156, [255, 255, 255, 255, 255, 255, 255, 255, 255, 255]
1650244960.698186, [255, 255, 255, 255, 255, 255, 255, 255, 255, 255]
