1650257157.87306, [255, 189, 255, 185, 194, 179, 193, 191, 190, 255]
1650257158.0577412, [199, 192, 188, 255, 196, 185, 196, 195, 193, 255]
1650257158.2509089, [199, 190, 255, 187, 195, 182, 196, 189, 193, 255]
1650257158.437818, [202, 190, 192, 189, 193, 186, 197, 191, 192, 193]
1650257158.625073, [201, 198, 255, 191, 190, 181, 198, 192, 190, 255]
1650257158.814225, [255, 191, 255, 190, 195, 184, 194, 187, 192, 193]
1650257159.005049, [201, 192, 255, 187, 190, 181, 196, 190, 190, 255]
1650257159.193016, [255, 186, 255, 255, 192, 185, 196, 192, 195, 255]
1650257159.3836522, [203, 194, 192, 187, 194, 183, 196, 192, 194, 192]
1650257159.5709262, [255, 192, 255, 186, 194, 183, 195, 189, 195, 255]
1650257159.7586079, [255, 189, 255, 255, 195, 183, 192, 188, 192, 255]
1650257159.948457, [200, 193, 255, 187, 193, 181, 195, 191, 195, 255]
1650257160.135731, [255, 190, 190, 255, 194, 185, 196, 195, 194, 255]
1650257160.329536, [255, 196, 255, 191, 255, 191, 205, 199, 255, 255]
1650257160.547887, [255, 197, 255, 255, 255, 255, 255, 255, 255, 255]
1650257160.728456, [255, 255, 255, 255, 255, 255, 255, 255, 255, 255]
1650257160.9343832, [255, 255, 255, 255, 255, 255, 255, 255, 255, 255]
1650257161.145632, [255, 255, 255, 255, 255, 255, 255, 255, 255, 255]
1650257161.357812, [255, 255, 255, 255, 255, 255, 255, 255, 255, 255]
1650257161.571698, [255, 255, 255, 255, 255, 255, 255, 255, 255, 255]
1650257161.7464771, [180, 180, 177, 255, 148, 62, 46, 40, 41, 255]
1650257161.8956149, [47, 54, 64, 129, 255, 133, 73, 54, 47, 40]
1650257162.039232, [57, 68, 79, 129, 255, 125, 84, 71, 62, 48]
1650257162.188181, [81, 90, 107, 134, 175, 120, 100, 85, 80, 62]
1650257162.339519, [94, 108, 123, 143, 165, 127, 118, 100, 94, 75]
1650257162.493521, [115, 129, 135, 150, 161, 136, 126, 112, 116, 93]
1650257162.650149, [134, 143, 150, 156, 161, 143, 143, 130, 132, 110]
1650257162.814521, [152, 161, 162, 167, 169, 153, 161, 149, 152, 135]
1650257162.993933, [173, 178, 174, 175, 180, 171, 170, 162, 166, 152]
1650257163.155923, [187, 186, 184, 180, 180, 177, 195, 255, 255, 168]
1650257163.375199, [255, 255, 255, 255, 255, 255, 255, 255, 255, 255]
1650257163.594341, [255, 255, 255, 255, 255, 255, 255, 255, 255, 255]
1650257163.785727, [255, 255, 255, 255, 255, 83, 42, 29, 32, 255]
1650257163.93858, [37, 43, 61, 152, 255, 185, 70, 37, 34, 27]
1650257164.08605, [44, 50, 59, 124, 255, 141, 71, 49, 46, 33]
1650257164.229996, [56, 63, 75, 129, 255, 112, 77, 61, 55, 44]
1650257164.3746402, [65, 78, 88, 122, 189, 119, 90, 73, 62, 54]
1650257164.522584, [75, 87, 97, 124, 173, 117, 101, 82, 78, 62]
1650257164.66583, [91, 103, 111, 128, 167, 130, 114, 97, 93, 73]
1650257164.818536, [110, 121, 124, 136, 162, 133, 128, 115, 107, 93]
1650257164.973687, [127, 134, 137, 147, 161, 142, 137, 125, 122, 107]
1650257165.12814, [143, 151, 156, 152, 165, 150, 153, 148, 143, 125]
1650257165.292852, [166, 169, 165, 166, 175, 165, 167, 163, 164, 146]
1650257165.463783, [185, 184, 180, 183, 185, 177, 187, 177, 191, 164]
1650257165.675266, [255, 255, 255, 255, 255, 255, 255, 255, 255, 255]
1650257165.899321, [255, 255, 255, 255, 255, 255, 255, 255, 255, 255]
1650257166.1174169, [255, 255, 255, 255, 255, 255, 255, 255, 198, 255]
1650257166.27756, [62, 84, 131, 255, 187, 75, 52, 41, 41, 161]
1650257166.428599, [53, 61, 88, 152, 255, 112, 73, 55, 54, 39]
1650257166.581612, [65, 78, 96, 129, 183, 113, 85, 72, 66, 52]
1650257166.718732, [77, 87, 104, 129, 173, 116, 98, 86, 78, 62]
1650257166.8644202, [91, 107, 111, 134, 159, 119, 113, 95, 87, 75]
1650257167.014913, [107, 122, 131, 140, 154, 125, 119, 108, 106, 90]
1650257167.171196, [127, 141, 142, 150, 152, 135, 140, 130, 132, 108]
1650257167.329972, [155, 159, 158, 162, 169, 152, 161, 154, 154, 136]
1650257167.498094, [176, 179, 176, 177, 182, 174, 186, 176, 179, 163]
1650257167.690986, [255, 192, 192, 190, 255, 255, 255, 255, 255, 186]
1650257167.932518, [255, 255, 255, 255, 255, 255, 255, 255, 255, 255]
1650257168.154496, [255, 255, 255, 255, 255, 255, 255, 255, 176, 255]
1650257168.328236, [111, 168, 255, 255, 255, 150, 63, 43, 41, 82]
1650257168.479531, [51, 61, 81, 144, 255, 124, 71, 54, 51, 39]
1650257168.628381, [63, 77, 93, 140, 176, 99, 78, 67, 63, 49]
1650257168.766239, [82, 96, 109, 134, 152, 112, 100, 84, 82, 63]
1650257168.918296, [104, 115, 124, 137, 147, 123, 115, 104, 102, 82]
1650257169.0691378, [129, 138, 142, 148, 153, 134, 137, 130, 130, 107]
1650257169.230628, [154, 158, 160, 160, 166, 152, 158, 153, 156, 135]
1650257169.396673, [184, 181, 177, 175, 180, 176, 180, 171, 181, 162]
1650257169.575646, [202, 194, 190, 190, 195, 191, 255, 255, 255, 183]
1650257169.79318, [255, 255, 255, 255, 255, 255, 255, 255, 255, 255]
1650257170.014923, [255, 255, 255, 255, 255, 255, 255, 255, 255, 255]
1650257170.195602, [255, 255, 255, 255, 68, 30, 30, 25, 26, 255]
1650257170.357255, [40, 67, 181, 255, 255, 75, 46, 36, 35, 25]
1650257170.507364, [47, 64, 127, 192, 190, 77, 60, 50, 50, 35]
1650257170.651793, [70, 96, 138, 181, 141, 85, 79, 68, 66, 51]
1650257170.8052511, [97, 122, 152, 175, 129, 95, 95, 85, 83, 67]
1650257170.956779, [117, 137, 150, 156, 134, 115, 115, 101, 103, 87]
1650257171.1217978, [135, 149, 158, 160, 151, 133, 134, 125, 128, 108]
1650257171.2727091, [158, 162, 164, 168, 163, 149, 155, 155, 161, 137]
1650257171.446156, [181, 180, 176, 179, 178, 175, 181, 179, 183, 162]
1650257171.629448, [201, 193, 188, 255, 255, 255, 255, 255, 255, 190]
1650257171.848541, [255, 255, 255, 255, 255, 255, 255, 255, 255, 255]
1650257172.063893, [255, 255, 255, 255, 255, 255, 255, 255, 255, 255]
1650257172.2706182, [255, 255, 255, 255, 255, 255, 255, 255, 255, 255]
1650257172.464821, [255, 255, 255, 255, 255, 255, 255, 255, 255, 255]
1650257172.65561, [255, 255, 255, 255, 255, 192, 255, 203, 255, 255]
1650257172.8460171, [255, 195, 255, 255, 255, 193, 203, 203, 255, 255]
1650257173.027752, [255, 193, 255, 255, 255, 192, 204, 200, 255, 255]
1650257173.213164, [255, 199, 255, 255, 255, 188, 204, 200, 255, 255]
1650257173.3964381, [255, 195, 255, 255, 255, 190, 204, 202, 255, 255]
1650257173.58051, [255, 192, 255, 190, 255, 189, 204, 203, 255, 255]
1650257173.7666728, [255, 194, 255, 255, 255, 193, 206, 200, 255, 255]
1650257173.951653, [255, 196, 255, 255, 255, 189, 205, 203, 255, 255]
1650257174.133548, [255, 255, 255, 255, 255, 192, 255, 203, 255, 255]
1650257174.319098, [255, 195, 255, 255, 255, 186, 206, 203, 255, 255]
1650257174.50768, [255, 192, 190, 187, 194, 186, 204, 201, 255, 255]
1650257174.695055, [202, 193, 255, 255, 255, 190, 255, 255, 255, 255]
1650257174.881879, [255, 192, 255, 255, 255, 192, 255, 255, 255, 255]
1650257175.06179, [255, 192, 255, 255, 255, 190, 205, 199, 255, 255]
1650257175.23856, [201, 187, 192, 191, 197, 186, 201, 196, 255, 255]
1650257175.425165, [199, 188, 255, 188, 255, 187, 201, 198, 255, 255]
