1650244741.505526, [255, 255, 255, 255, 255, 255, 255, 255, 255, 255]
1650244741.869647, [255, 255, 255, 255, 255, 255, 255, 255, 255, 255]
1650244742.240549, [255, 255, 255, 255, 255, 255, 255, 255, 255, 255]
1650244742.603623, [255, 255, 255, 255, 255, 255, 255, 255, 255, 255]
1650244742.934464, [255, 255, 255, 255, 255, 255, 255, 255, 255, 255]
1650244743.300383, [255, 255, 255, 255, 255, 255, 255, 255, 255, 255]
1650244743.4689229, [255, 255, 122, 48, 41, 36, 43, 48, 67, 255]
1650244743.667727, [255, 255, 105, 61, 56, 50, 58, 69, 80, 154]
1650244743.86138, [255, 255, 107, 80, 74, 69, 81, 84, 93, 121]
1650244744.057947, [255, 255, 116, 99, 93, 86, 101, 104, 112, 107]
1650244744.252813, [255, 255, 137, 117, 114, 113, 125, 125, 127, 114]
1650244744.455157, [255, 255, 146, 135, 132, 126, 140, 134, 134, 126]
1650244744.6630342, [255, 255, 159, 147, 146, 145, 149, 145, 143, 135]
1650244744.872033, [255, 255, 170, 166, 164, 161, 162, 160, 156, 143]
1650244745.093888, [255, 255, 182, 174, 176, 172, 168, 166, 161, 151]
1650244745.4559538, [255, 255, 255, 255, 255, 255, 255, 255, 255, 160]
1650244745.75894, [255, 255, 255, 255, 255, 255, 255, 255, 255, 255]
1650244746.066187, [255, 255, 255, 255, 255, 255, 255, 255, 255, 255]
1650244746.3723142, [255, 255, 255, 255, 255, 255, 255, 255, 255, 255]
1650244746.783217, [255, 255, 255, 255, 255, 255, 255, 255, 255, 255]
1650244747.0078511, [255, 255, 255, 255, 255, 255, 255, 255, 255, 255]
