1650257332.676279, [255, 255, 255, 255, 255, 255, 255, 255, 255, 192]
1650257332.9246101, [255, 255, 255, 255, 255, 255, 255, 255, 255, 255]
1650257333.441243, [255, 255, 255, 255, 255, 255, 255, 255, 255, 255]
1650257333.7585468, [255, 89, 98, 118, 255, 192, 255, 255, 99, 255]
1650257333.8968918, [63, 54, 39, 44, 53, 52, 73, 77, 108, 39]
1650257334.24893, [121, 107, 107, 117, 124, 123, 146, 143, 153, 145]
1650257334.27718, [134, 149, 139, 156, 164, 166, 182, 176, 183, 162]
1650257334.77183, [192, 255, 255, 255, 255, 255, 255, 91, 42, 179]
1650257335.304399, [39, 38, 33, 39, 76, 99, 191, 255, 76, 35]
1650257335.3045251, [57, 51, 43, 46, 57, 62, 100, 127, 115, 38]
1650257335.326622, [83, 72, 66, 68, 77, 80, 102, 102, 121, 65]
1650257335.4728708, [116, 106, 99, 102, 108, 111, 128, 123, 135, 115]
1650257335.6410859, [134, 145, 135, 146, 151, 157, 172, 162, 168, 147]
1650257335.875712, [152, 164, 155, 161, 170, 177, 183, 193, 255, 172]
1650257336.3458948, [255, 255, 255, 255, 255, 255, 255, 43, 25, 255]
1650257336.571959, [37, 42, 40, 49, 77, 86, 170, 155, 49, 23]
1650257336.868767, [61, 52, 42, 50, 60, 61, 88, 94, 90, 36]
1650257336.909312, [90, 78, 69, 72, 74, 80, 97, 97, 112, 63]
1650257337.0267332, [122, 114, 108, 110, 114, 119, 134, 132, 135, 103]
1650257337.394725, [139, 151, 140, 148, 155, 155, 169, 161, 171, 147]
1650257337.426524, [164, 172, 160, 166, 175, 171, 188, 195, 255, 168]
1650257337.954763, [255, 255, 255, 255, 255, 255, 255, 255, 255, 255]
1650257338.457109, [255, 255, 255, 255, 255, 255, 255, 255, 255, 255]
1650257338.9702551, [255, 255, 255, 255, 255, 255, 255, 255, 255, 255]
