1650244788.0849018, [255, 255, 255, 255, 255, 255, 255, 255, 255, 255]
1650244788.484118, [255, 255, 255, 255, 255, 255, 255, 255, 255, 255]
1650244788.9721768, [255, 255, 255, 255, 255, 255, 255, 255, 255, 255]
1650244789.2793758, [255, 255, 255, 255, 255, 255, 255, 255, 255, 255]
1650244789.688183, [255, 255, 255, 255, 255, 255, 255, 255, 255, 255]
1650244791.047348, [255, 255, 255, 255, 255, 255, 255, 255, 255, 255]
1650244791.070152, [85, 127, 173, 255, 255, 255, 255, 255, 255, 255]
1650244791.07021, [66, 64, 72, 85, 255, 255, 255, 255, 255, 255]
1650244791.070236, [66, 59, 56, 60, 84, 107, 198, 255, 255, 255]
1650244791.070257, [76, 61, 51, 53, 60, 66, 93, 125, 255, 255]
1650244791.0702772, [127, 75, 59, 55, 56, 55, 64, 73, 102, 255]
1650244791.310098, [255, 255, 160, 88, 61, 57, 58, 56, 61, 169]
1650244791.737087, [255, 255, 255, 255, 255, 165, 98, 69, 58, 71]
1650244792.04425, [255, 255, 255, 255, 255, 255, 255, 255, 255, 54]
1650244792.449883, [255, 255, 255, 255, 255, 255, 255, 255, 255, 255]
1650244792.9657779, [255, 255, 255, 255, 255, 255, 255, 255, 255, 255]
1650244793.3752902, [255, 255, 255, 255, 255, 255, 255, 255, 255, 255]
1650244793.6827478, [255, 255, 255, 255, 255, 255, 255, 255, 255, 255]
