1650244906.8733041, [255, 255, 255, 255, 255, 255, 255, 255, 255, 255]
1650244907.317618, [255, 255, 255, 255, 255, 255, 255, 255, 255, 255]
1650244907.755947, [255, 255, 255, 255, 255, 255, 255, 255, 255, 255]
1650244908.1667788, [255, 255, 255, 255, 255, 255, 255, 255, 255, 255]
1650244908.3671439, [255, 255, 255, 255, 255, 255, 195, 193, 174, 255]
1650244908.5328362, [165, 171, 152, 157, 173, 169, 176, 175, 165, 167]
1650244908.6977558, [146, 146, 138, 137, 150, 152, 169, 167, 147, 149]
1650244908.8557498, [118, 116, 109, 110, 126, 137, 172, 182, 137, 123]
1650244909.019368, [89, 84, 78, 80, 113, 150, 255, 255, 97, 95]
1650244909.190979, [64, 63, 59, 67, 140, 255, 255, 202, 57, 64]
1650244909.366495, [46, 40, 41, 55, 255, 255, 255, 96, 18, 36]
1650244909.5481331, [28, 24, 26, 157, 168, 79, 133, 255, 255, 14]
1650244909.901183, [255, 255, 255, 255, 255, 255, 255, 255, 255, 255]
1650244910.317145, [255, 255, 255, 255, 255, 255, 255, 255, 255, 255]
1650244910.6942358, [255, 255, 255, 255, 255, 255, 255, 255, 255, 255]
