1650244964.589383, [255, 255, 255, 255, 255, 255, 255, 255, 255, 255]
1650244964.998996, [255, 255, 255, 255, 255, 255, 255, 255, 255, 255]
1650244965.306247, [255, 255, 255, 255, 255, 255, 255, 255, 255, 255]
1650244965.613503, [255, 255, 255, 255, 255, 255, 255, 255, 255, 255]
1650244965.8178828, [255, 255, 255, 255, 255, 255, 255, 134, 70, 255]
1650244966.124337, [255, 255, 255, 255, 191, 93, 67, 58, 60, 59]
1650244966.2655191, [255, 255, 123, 71, 59, 56, 70, 87, 155, 67]
1650244966.4235132, [107, 66, 54, 55, 71, 84, 159, 136, 129, 161]
1650244966.5741282, [69, 60, 62, 70, 106, 115, 95, 90, 126, 147]
1650244966.712642, [70, 71, 54, 58, 61, 66, 78, 91, 133, 165]
1650244966.8584661, [65, 48, 37, 43, 54, 60, 81, 93, 136, 186]
1650244967.00461, [72, 63, 48, 58, 71, 80, 93, 110, 151, 192]
1650244967.180626, [71, 67, 68, 72, 117, 141, 190, 185, 193, 177]
1650244967.3162382, [77, 64, 56, 56, 63, 68, 83, 98, 146, 255]
1650244967.5435362, [255, 255, 180, 154, 79, 65, 62, 55, 54, 192]
1650244967.842035, [255, 255, 255, 255, 255, 255, 255, 182, 89, 61]
1650244968.140258, [255, 255, 255, 255, 255, 255, 255, 201, 87, 62]
1650244968.4130182, [255, 255, 255, 255, 255, 105, 68, 60, 54, 57]
1650244968.629986, [255, 255, 182, 97, 68, 56, 60, 68, 81, 62]
1650244968.8182669, [255, 101, 62, 56, 62, 64, 91, 133, 187, 135]
1650244968.984703, [81, 65, 55, 59, 80, 102, 178, 169, 190, 255]
1650244969.145056, [69, 68, 70, 80, 119, 125, 136, 145, 193, 255]
1650244969.307971, [77, 77, 57, 64, 73, 84, 116, 145, 255, 255]
1650244969.4626932, [57, 50, 46, 50, 68, 89, 139, 179, 255, 255]
1650244969.634837, [56, 54, 51, 60, 76, 107, 157, 193, 255, 255]
1650244969.808672, [77, 83, 82, 104, 120, 154, 185, 190, 255, 255]
1650244969.973312, [70, 64, 64, 64, 93, 112, 171, 193, 255, 255]
1650244970.120266, [97, 76, 64, 59, 58, 53, 65, 70, 85, 255]
1650244970.4261298, [255, 255, 255, 255, 255, 255, 140, 82, 60, 120]
1650244970.825641, [255, 255, 255, 255, 255, 255, 255, 255, 255, 50]
1650244971.0401769, [255, 255, 255, 255, 255, 255, 189, 74, 51, 255]
1650244971.273468, [255, 255, 255, 139, 61, 53, 53, 59, 74, 48]
1650244971.470464, [255, 125, 58, 52, 54, 57, 83, 136, 255, 149]
1650244971.641717, [75, 59, 52, 53, 75, 95, 255, 255, 255, 255]
1650244971.830865, [68, 65, 68, 82, 255, 255, 255, 255, 255, 255]
1650244972.035687, [82, 119, 100, 119, 154, 191, 255, 255, 255, 255]
1650244972.224044, [63, 74, 66, 86, 169, 255, 255, 255, 255, 255]
1650244972.4285262, [68, 77, 85, 113, 255, 255, 255, 255, 255, 255]
1650244972.65788, [89, 120, 150, 189, 255, 255, 255, 255, 255, 255]
1650244972.808248, [63, 53, 46, 48, 57, 59, 79, 104, 164, 255]
1650244973.088671, [255, 255, 255, 255, 178, 84, 58, 50, 42, 255]
1650244973.497504, [255, 255, 255, 255, 255, 255, 255, 255, 255, 45]
1650244973.788233, [255, 255, 255, 255, 255, 255, 255, 255, 255, 255]
1650244974.218715, [255, 255, 255, 255, 255, 255, 255, 255, 255, 255]
1650244974.727124, [255, 255, 255, 255, 255, 255, 255, 255, 255, 255]
