1650244732.730241, [255, 255, 255, 255, 255, 255, 255, 255, 255, 255]
1650244733.2661052, [255, 255, 255, 255, 255, 255, 255, 255, 255, 255]
1650244733.675712, [255, 255, 255, 255, 255, 255, 255, 255, 255, 255]
1650244733.983263, [255, 255, 255, 255, 255, 103, 43, 41, 66, 255]
1650244734.292062, [255, 255, 255, 255, 84, 61, 64, 63, 67, 95]
1650244734.452526, [255, 255, 148, 119, 115, 113, 124, 129, 131, 81]
1650244734.8021162, [255, 255, 177, 174, 170, 162, 172, 165, 160, 129]
1650244735.048416, [255, 255, 255, 255, 255, 255, 255, 255, 255, 153]
1650244735.5190191, [255, 255, 255, 255, 255, 255, 255, 255, 255, 255]
1650244735.9285178, [255, 255, 255, 255, 255, 255, 255, 255, 255, 255]
1650244736.33819, [255, 255, 255, 255, 255, 255, 255, 255, 255, 255]
