1650317076.719149, [175, 166, 173, 169, 173, 163, 172, 175, 179, 179]
1650317076.911533, [178, 174, 176, 176, 184, 171, 182, 185, 182, 184]
1650317077.108129, [188, 177, 180, 178, 183, 172, 184, 186, 187, 190]
1650317077.301743, [187, 180, 184, 178, 188, 171, 181, 187, 189, 255]
1650317077.495799, [191, 183, 168, 166, 172, 157, 163, 155, 153, 255]
1650317077.6463318, [185, 161, 140, 124, 109, 97, 99, 89, 94, 159]
1650317077.8052201, [192, 178, 165, 104, 49, 35, 36, 34, 57, 118]
1650317077.997004, [192, 186, 183, 67, 30, 39, 189, 192, 188, 182]
1650317078.180675, [189, 181, 185, 182, 194, 172, 191, 192, 192, 255]
1650317078.361266, [187, 173, 168, 161, 168, 151, 153, 140, 138, 255]
1650317078.523457, [192, 173, 149, 134, 108, 84, 83, 73, 80, 145]
1650317078.6842399, [192, 182, 187, 165, 68, 32, 31, 29, 25, 95]
1650317078.871396, [187, 187, 190, 176, 29, 170, 192, 195, 197, 122]
1650317079.065057, [194, 183, 188, 186, 193, 178, 191, 192, 255, 255]
1650317079.246848, [186, 172, 166, 161, 161, 150, 154, 144, 145, 255]
1650317079.41084, [193, 173, 152, 133, 116, 98, 100, 86, 97, 150]
1650317079.5693839, [193, 178, 149, 81, 46, 31, 34, 38, 157, 120]
1650317079.741337, [189, 184, 46, 23, 28, 106, 190, 189, 193, 255]
1650317079.936007, [194, 184, 187, 187, 196, 177, 192, 191, 192, 255]
1650317080.118712, [188, 179, 168, 167, 166, 151, 152, 146, 137, 255]
1650317080.285321, [187, 174, 175, 161, 123, 96, 94, 80, 76, 135]
1650317080.45472, [193, 184, 185, 172, 79, 36, 34, 32, 33, 88]
1650317080.630718, [193, 183, 183, 58, 25, 33, 182, 191, 192, 128]
1650317080.8270788, [192, 182, 185, 186, 255, 181, 191, 191, 193, 255]
1650317081.012882, [190, 182, 179, 171, 182, 167, 169, 161, 160, 255]
1650317081.181053, [187, 172, 153, 143, 121, 104, 102, 89, 88, 158]
1650317081.343411, [193, 178, 180, 166, 70, 38, 36, 30, 33, 100]
1650317081.51879, [193, 184, 185, 186, 133, 14, 22, 24, 190, 76]
1650317081.7140758, [191, 186, 188, 182, 196, 177, 191, 190, 194, 255]
1650317081.902713, [188, 184, 185, 183, 192, 171, 176, 165, 160, 255]
1650317082.068958, [186, 166, 152, 138, 127, 113, 113, 106, 106, 161]
1650317082.22653, [193, 179, 158, 120, 74, 51, 48, 48, 61, 118]
1650317082.4028852, [193, 182, 185, 74, 24, 22, 28, 182, 198, 158]
1650317082.601654, [188, 181, 184, 183, 196, 177, 190, 190, 196, 255]
1650317082.792747, [193, 182, 188, 185, 197, 177, 189, 195, 191, 255]
1650317082.96304, [181, 160, 136, 137, 128, 125, 124, 119, 119, 255]
1650317083.119114, [190, 160, 122, 102, 82, 68, 70, 66, 85, 134]
1650317083.287513, [190, 184, 182, 96, 30, 24, 29, 26, 168, 152]
1650317083.479285, [190, 174, 191, 188, 255, 175, 191, 191, 192, 255]
1650317083.676574, [191, 181, 187, 182, 194, 180, 190, 193, 195, 255]
1650317083.86431, [193, 183, 188, 178, 178, 157, 166, 150, 151, 255]
1650317084.033443, [189, 173, 151, 136, 116, 101, 99, 87, 94, 154]
1650317084.192197, [191, 178, 152, 103, 62, 49, 49, 47, 57, 112]
1650317084.360863, [197, 184, 180, 158, 26, 17, 22, 35, 193, 145]
1650317084.616703, [190, 183, 186, 187, 196, 178, 191, 190, 194, 255]
1650317084.755883, [194, 183, 188, 183, 194, 176, 193, 192, 195, 255]
1650317084.939732, [190, 186, 166, 163, 163, 145, 152, 142, 138, 255]
1650317085.100698, [189, 174, 147, 128, 101, 83, 86, 78, 89, 145]
1650317085.259676, [190, 177, 122, 56, 40, 30, 35, 38, 166, 127]
1650317085.454738, [193, 187, 24, 17, 175, 180, 197, 191, 194, 255]
1650317085.63424, [198, 182, 186, 183, 255, 178, 191, 187, 195, 255]
1650317085.8340611, [191, 186, 190, 186, 194, 177, 191, 190, 189, 255]
1650317086.016667, [187, 175, 175, 169, 173, 160, 170, 165, 167, 255]
1650317086.25558, [171, 157, 154, 144, 151, 134, 148, 147, 151, 168]
1650317086.696724, [255, 255, 255, 255, 255, 107, 128, 126, 140, 152]
1650317087.1787882, [255, 255, 255, 255, 255, 112, 117, 118, 144, 149]
