1650244674.1809468, [255, 255, 255, 255, 255, 255, 255, 255, 255, 255]
1650244674.488078, [255, 255, 255, 255, 255, 255, 255, 255, 255, 255]
1650244674.7061539, [255, 255, 255, 255, 255, 255, 255, 255, 255, 255]
1650244675.000161, [255, 255, 255, 255, 255, 255, 255, 255, 255, 255]
1650244675.1788852, [255, 255, 255, 173, 170, 164, 174, 169, 171, 255]
1650244675.39074, [255, 255, 163, 151, 145, 144, 152, 148, 151, 163]
1650244675.598136, [255, 255, 150, 134, 123, 117, 126, 128, 131, 151]
1650244675.794187, [255, 255, 137, 108, 100, 89, 100, 98, 107, 138]
1650244675.983356, [255, 255, 118, 88, 76, 73, 77, 80, 89, 120]
1650244676.174946, [255, 255, 115, 73, 65, 55, 63, 67, 78, 110]
1650244676.376288, [255, 255, 110, 58, 51, 43, 50, 57, 68, 108]
1650244676.57759, [255, 255, 142, 46, 35, 31, 36, 43, 73, 147]
1650244676.821221, [255, 255, 255, 76, 16, 13, 19, 29, 255, 255]
1650244677.2528021, [255, 255, 255, 255, 255, 255, 255, 255, 255, 255]
1650244677.55999, [255, 255, 255, 255, 255, 255, 255, 255, 255, 255]
1650244677.8445928, [255, 255, 255, 255, 255, 255, 255, 255, 255, 255]
