1650755322.877179, [255, 255, 255, 255, 255, 195, 255, 255, 255, 255]
1650755323.270387, [255, 255, 255, 255, 255, 196, 255, 255, 255, 255]
1650755323.695403, [255, 255, 255, 255, 255, 197, 255, 255, 255, 255]
1650755324.1582348, [255, 255, 255, 255, 255, 190, 255, 255, 255, 255]
1650755324.6194339, [255, 255, 255, 255, 255, 192, 255, 255, 255, 255]
1650755325.131776, [255, 255, 255, 255, 255, 191, 255, 255, 255, 255]
1650755325.560498, [255, 255, 255, 255, 255, 191, 255, 255, 255, 255]
1650755326.051202, [255, 255, 255, 255, 255, 194, 255, 255, 255, 255]
1650755326.563519, [255, 255, 255, 255, 255, 191, 255, 255, 255, 255]
1650755326.9701278, [255, 255, 255, 255, 255, 193, 255, 255, 255, 255]
1650755327.3823419, [255, 255, 255, 255, 255, 193, 255, 255, 255, 255]
1650755327.894749, [255, 255, 255, 255, 255, 195, 255, 255, 255, 255]
1650755328.304346, [255, 255, 255, 255, 255, 188, 255, 255, 255, 255]
1650755328.65855, [255, 255, 255, 255, 255, 180, 255, 255, 255, 255]
1650755329.0776918, [255, 255, 255, 255, 255, 255, 255, 255, 255, 255]
1650755329.340172, [255, 255, 255, 255, 255, 255, 255, 255, 255, 255]
1650755329.5946171, [255, 197, 255, 187, 255, 255, 255, 255, 255, 255]
1650755329.8210309, [199, 174, 174, 162, 168, 169, 176, 170, 168, 255]
1650755330.022339, [255, 163, 140, 126, 122, 120, 129, 129, 135, 168]
1650755330.198755, [255, 137, 109, 94, 93, 91, 104, 102, 116, 151]
1650755330.38877, [255, 154, 87, 68, 59, 57, 65, 66, 88, 150]
1650755330.6596758, [255, 255, 88, 39, 34, 31, 46, 80, 255, 184]
1650755331.014507, [255, 255, 255, 255, 255, 255, 255, 255, 255, 255]
1650755331.478581, [255, 255, 255, 255, 255, 255, 255, 255, 255, 255]
1650755331.785541, [255, 255, 255, 255, 255, 141, 111, 140, 255, 255]
1650755331.9830961, [255, 90, 55, 54, 55, 59, 85, 100, 151, 255]
1650755332.1384902, [116, 85, 81, 82, 94, 102, 121, 120, 127, 133]
1650755332.2995892, [127, 114, 112, 118, 129, 137, 145, 139, 143, 120]
1650755332.4791958, [153, 148, 152, 155, 159, 156, 158, 154, 156, 139]
1650755332.699841, [182, 176, 170, 168, 170, 179, 197, 255, 255, 150]
1650755333.116713, [255, 255, 255, 255, 255, 255, 255, 255, 255, 255]
1650755333.228832, [201, 197, 192, 184, 184, 180, 184, 175, 168, 255]
1650755333.424017, [180, 186, 176, 174, 174, 167, 166, 156, 153, 166]
1650755333.5657191, [161, 160, 160, 159, 166, 151, 151, 139, 129, 147]
1650755333.728489, [138, 137, 142, 149, 159, 129, 124, 112, 104, 126]
1650755333.8898938, [116, 119, 133, 157, 169, 114, 104, 88, 86, 95]
1650755334.0649931, [95, 102, 130, 179, 255, 118, 89, 72, 65, 80]
1650755334.2639282, [72, 85, 151, 255, 255, 181, 79, 47, 42, 60]
1650755334.4807858, [53, 68, 255, 255, 255, 255, 130, 30, 26, 40]
1650755334.755046, [32, 65, 255, 255, 255, 255, 192, 28, 34, 19]
1650755335.164521, [255, 255, 255, 255, 255, 255, 255, 255, 255, 255]
1650755335.471704, [255, 255, 255, 255, 255, 255, 255, 255, 255, 255]
1650755335.7846441, [255, 255, 255, 255, 255, 255, 255, 255, 255, 255]
1650755336.13754, [255, 255, 255, 255, 255, 255, 255, 255, 255, 255]
1650755336.598175, [255, 255, 255, 255, 255, 255, 255, 255, 255, 255]
1650755336.883866, [255, 255, 255, 189, 255, 175, 194, 193, 188, 255]
1650755337.419539, [255, 255, 255, 255, 255, 255, 255, 255, 255, 187]
