1650244752.115413, [255, 255, 255, 255, 255, 255, 255, 255, 255, 255]
1650244752.619956, [255, 255, 255, 255, 255, 255, 255, 255, 255, 255]
1650244753.03003, [255, 255, 255, 255, 255, 255, 255, 255, 255, 255]
1650244753.439806, [255, 255, 255, 255, 255, 255, 255, 255, 255, 255]
1650244753.5607412, [255, 58, 31, 33, 42, 44, 80, 127, 184, 255]
1650244753.789825, [255, 255, 92, 52, 50, 41, 49, 53, 67, 255]
1650244754.009078, [255, 255, 155, 79, 61, 52, 58, 65, 71, 133]
1650244754.225016, [255, 255, 154, 92, 70, 62, 67, 71, 74, 97]
1650244754.4381282, [255, 255, 151, 93, 77, 73, 74, 77, 83, 95]
1650244754.6464782, [255, 255, 129, 99, 84, 78, 88, 88, 97, 98]
1650244754.856302, [255, 255, 129, 103, 90, 82, 95, 97, 101, 106]
1650244755.066017, [255, 255, 128, 112, 103, 93, 104, 109, 108, 111]
1650244755.278752, [255, 255, 133, 113, 109, 102, 111, 112, 116, 114]
1650244755.4897192, [255, 255, 134, 124, 112, 109, 117, 118, 123, 119]
1650244755.701636, [255, 255, 137, 122, 120, 115, 123, 124, 127, 126]
1650244755.909718, [255, 255, 135, 128, 124, 118, 128, 128, 130, 125]
1650244756.125819, [255, 198, 145, 130, 133, 130, 140, 138, 142, 132]
1650244756.335077, [255, 255, 149, 141, 140, 133, 151, 145, 145, 137]
1650244756.545572, [255, 255, 154, 141, 148, 147, 155, 148, 150, 141]
1650244756.753608, [255, 191, 158, 146, 154, 153, 161, 157, 154, 150]
1650244756.963913, [255, 255, 161, 156, 158, 159, 165, 166, 155, 153]
1650244757.181063, [255, 255, 164, 165, 168, 161, 169, 162, 157, 154]
1650244757.39246, [255, 255, 170, 167, 170, 174, 176, 167, 163, 160]
1650244757.610614, [255, 255, 176, 166, 169, 175, 179, 168, 166, 164]
1650244757.8268108, [255, 255, 178, 173, 172, 175, 176, 168, 171, 163]
1650244758.1496608, [255, 255, 255, 255, 255, 255, 255, 255, 255, 174]
1650244758.5591328, [255, 255, 255, 255, 255, 255, 255, 255, 255, 255]
1650244758.968725, [255, 255, 255, 255, 255, 255, 255, 255, 255, 255]
1650244759.275806, [255, 255, 255, 255, 255, 255, 255, 255, 255, 255]
1650244759.6872058, [255, 255, 255, 255, 255, 255, 255, 255, 255, 255]
