1650317063.094638, [174, 162, 164, 160, 171, 160, 167, 169, 173, 172]
1650317063.155745, [176, 168, 171, 166, 179, 165, 175, 180, 181, 176]
1650317063.343956, [184, 172, 178, 169, 178, 165, 185, 179, 182, 188]
1650317063.5219579, [188, 173, 174, 176, 190, 168, 181, 174, 178, 190]
1650317063.695544, [185, 168, 164, 165, 158, 143, 143, 136, 131, 181]
1650317063.8589928, [187, 177, 171, 165, 125, 78, 60, 47, 39, 131]
1650317064.023852, [183, 177, 178, 184, 155, 21, 22, 19, 23, 48]
1650317064.212589, [186, 179, 180, 175, 188, 171, 186, 186, 189, 189]
1650317064.399879, [192, 179, 180, 178, 185, 171, 185, 181, 179, 255]
1650317064.5656881, [166, 154, 141, 141, 138, 129, 131, 126, 131, 189]
1650317064.7158241, [187, 153, 108, 84, 68, 53, 59, 61, 83, 147]
1650317064.88312, [186, 178, 175, 57, 23, 19, 21, 25, 179, 168]
1650317065.065381, [189, 176, 43, 176, 192, 173, 186, 187, 190, 255]
1650317065.366307, [188, 182, 181, 181, 188, 175, 186, 187, 190, 255]
1650317065.420404, [188, 173, 148, 139, 138, 129, 126, 119, 123, 255]
1650317065.572611, [189, 158, 121, 96, 75, 58, 62, 62, 87, 132]
1650317065.73338, [185, 179, 168, 47, 25, 21, 24, 32, 183, 176]
1650317065.908034, [189, 180, 36, 40, 193, 174, 188, 192, 192, 255]
1650317066.1032908, [188, 184, 186, 178, 191, 175, 189, 188, 191, 255]
1650317066.2793448, [188, 177, 166, 162, 159, 152, 157, 143, 140, 255]
1650317066.43565, [186, 168, 145, 129, 106, 89, 85, 74, 79, 143]
1650317066.5880919, [189, 179, 175, 100, 39, 29, 30, 31, 105, 118]
1650317066.767017, [189, 179, 186, 33, 24, 173, 190, 191, 191, 192]
1650317066.95856, [197, 181, 186, 180, 190, 172, 188, 190, 188, 255]
1650317067.135078, [189, 178, 178, 175, 171, 157, 161, 153, 154, 255]
1650317067.2935889, [183, 158, 123, 113, 97, 82, 84, 79, 91, 164]
1650317067.464003, [192, 178, 159, 70, 33, 27, 27, 30, 184, 147]
1650317067.6271, [191, 180, 184, 51, 19, 36, 187, 189, 192, 255]
1650317067.8173828, [186, 177, 182, 182, 193, 175, 191, 188, 196, 255]
1650317067.99697, [187, 179, 180, 183, 187, 164, 170, 163, 161, 255]
1650317068.159509, [183, 161, 143, 133, 134, 123, 127, 121, 126, 165]
1650317068.313699, [186, 141, 92, 71, 58, 48, 56, 65, 142, 153]
1650317068.4735858, [188, 178, 124, 22, 22, 16, 25, 175, 190, 192]
1650317068.662775, [190, 177, 180, 179, 193, 175, 188, 189, 191, 255]
1650317068.856123, [186, 183, 181, 180, 192, 175, 187, 179, 181, 192]
1650317069.0139892, [173, 151, 130, 123, 115, 108, 108, 99, 111, 191]
1650317069.165581, [189, 176, 157, 103, 54, 36, 39, 35, 49, 146]
1650317069.33934, [190, 183, 183, 143, 18, 16, 24, 190, 191, 173]
1650317069.5258, [188, 184, 181, 180, 191, 177, 187, 187, 192, 255]
1650317069.7044811, [187, 180, 183, 173, 171, 157, 157, 152, 148, 255]
1650317069.866069, [183, 154, 140, 131, 120, 111, 112, 105, 115, 155]
1650317070.017706, [186, 164, 122, 76, 51, 37, 39, 41, 134, 150]
1650317070.186281, [184, 179, 176, 22, 17, 15, 169, 187, 185, 192]
1650317070.377155, [192, 179, 181, 179, 193, 173, 185, 187, 189, 255]
1650317070.561383, [191, 179, 183, 180, 179, 161, 170, 160, 160, 193]
1650317070.721684, [184, 173, 146, 140, 121, 108, 106, 92, 96, 164]
1650317070.877611, [184, 176, 152, 86, 47, 32, 35, 35, 122, 119]
1650317071.054902, [190, 180, 180, 42, 25, 165, 184, 183, 190, 255]
1650317071.243308, [189, 174, 182, 180, 185, 168, 180, 175, 174, 255]
1650317071.428473, [173, 160, 161, 161, 168, 150, 161, 156, 164, 182]
1650317071.919766, [255, 131, 255, 255, 255, 113, 121, 122, 136, 160]
1650317072.429587, [255, 255, 255, 255, 255, 110, 126, 119, 130, 149]
