1650679453.668643, [255, 255, 255, 255, 255, 196, 255, 255, 255, 255]
1650679453.693741, [255, 255, 255, 255, 255, 184, 255, 255, 255, 255]
1650679454.194071, [255, 255, 255, 255, 255, 194, 255, 255, 255, 255]
1650679454.2911282, [255, 255, 255, 255, 255, 190, 255, 255, 255, 255]
1650679454.716684, [255, 255, 255, 255, 255, 196, 255, 255, 255, 255]
1650679455.241861, [255, 255, 255, 255, 255, 186, 255, 255, 255, 255]
1650679455.261141, [255, 255, 255, 255, 255, 184, 255, 255, 155, 255]
1650679455.7677891, [52, 47, 47, 71, 182, 84, 58, 45, 39, 125]
1650679455.7787971, [48, 48, 51, 82, 195, 100, 74, 61, 57, 39]
1650679455.778904, [70, 72, 79, 93, 168, 117, 104, 89, 82, 58]
1650679455.80569, [102, 105, 109, 116, 148, 132, 133, 129, 122, 82]
1650679456.290271, [142, 146, 146, 146, 168, 156, 170, 159, 152, 122]
1650679456.307921, [175, 181, 176, 255, 255, 193, 255, 255, 255, 155]
1650679456.813057, [255, 255, 255, 255, 255, 187, 255, 255, 255, 255]
1650679456.832383, [255, 255, 255, 255, 255, 177, 109, 47, 39, 255]
1650679456.90474, [47, 50, 54, 87, 255, 145, 87, 61, 55, 38]
1650679457.337749, [65, 69, 75, 88, 145, 124, 107, 91, 83, 51]
1650679457.3557708, [100, 103, 110, 115, 143, 134, 143, 133, 125, 79]
1650679457.37449, [142, 150, 152, 156, 170, 160, 176, 172, 168, 122]
1650679457.862659, [180, 178, 185, 186, 184, 170, 255, 255, 255, 161]
1650679457.8871639, [255, 255, 255, 255, 255, 191, 255, 168, 75, 255]
1650679458.015007, [39, 33, 25, 40, 189, 75, 47, 40, 39, 73]
1650679458.389374, [48, 49, 54, 62, 123, 87, 77, 73, 68, 36]
1650679458.412778, [84, 84, 93, 102, 128, 118, 125, 117, 112, 67]
1650679458.464161, [137, 137, 136, 147, 159, 148, 161, 163, 153, 114]
1650679458.911665, [171, 169, 164, 167, 171, 151, 180, 255, 255, 154]
1650679458.962427, [255, 255, 255, 255, 255, 188, 255, 255, 195, 255]
1650679459.436388, [41, 37, 32, 55, 119, 54, 46, 43, 39, 153]
1650679459.453978, [54, 54, 57, 69, 109, 76, 73, 68, 68, 41]
1650679459.4542139, [88, 93, 100, 103, 126, 111, 114, 109, 107, 72]
1650679459.960311, [135, 141, 142, 143, 160, 146, 163, 160, 160, 112]
1650679459.9788659, [177, 173, 176, 180, 186, 167, 180, 177, 176, 155]
1650679459.979037, [193, 195, 255, 255, 255, 191, 255, 255, 255, 173]
1650679460.4887471, [255, 255, 255, 255, 255, 188, 255, 255, 255, 255]
1650679460.508113, [197, 51, 34, 47, 156, 126, 58, 42, 38, 255]
1650679461.008341, [49, 48, 47, 64, 177, 100, 73, 61, 60, 41]
1650679461.02592, [71, 71, 78, 86, 144, 116, 103, 85, 80, 61]
1650679461.0261152, [98, 102, 106, 108, 138, 131, 134, 125, 112, 80]
1650679461.0600479, [132, 135, 130, 141, 157, 148, 166, 161, 151, 112]
1650679461.532436, [177, 170, 174, 173, 185, 169, 185, 180, 175, 150]
1650679461.552128, [255, 255, 255, 255, 255, 192, 255, 255, 255, 181]
1650679462.057626, [255, 255, 255, 255, 255, 184, 255, 255, 255, 255]
1650679462.07961, [255, 91, 46, 60, 122, 64, 57, 53, 49, 255]
1650679462.202771, [60, 59, 60, 73, 151, 97, 83, 76, 70, 47]
1650679462.5813398, [84, 89, 89, 95, 133, 122, 117, 108, 96, 71]
1650679462.599081, [114, 121, 119, 123, 148, 136, 153, 151, 140, 97]
1650679462.651565, [153, 155, 157, 157, 174, 166, 176, 177, 175, 144]
1650679463.106379, [187, 192, 255, 255, 255, 189, 255, 255, 255, 171]
1650679463.207181, [255, 255, 255, 255, 255, 186, 255, 255, 255, 255]
1650679463.630413, [255, 255, 57, 73, 255, 91, 39, 27, 25, 255]
1650679463.65955, [35, 30, 36, 68, 255, 89, 50, 42, 39, 25]
1650679464.15477, [49, 49, 51, 77, 192, 111, 85, 72, 65, 39]
1650679464.173158, [79, 78, 82, 91, 142, 115, 107, 97, 92, 66]
1650679464.1734688, [109, 109, 112, 118, 141, 136, 140, 137, 131, 88]
1650679464.222633, [140, 146, 140, 147, 161, 155, 165, 161, 150, 126]
1650679464.6820009, [166, 185, 255, 255, 255, 189, 255, 255, 255, 150]
1650679464.755739, [255, 255, 255, 255, 255, 184, 255, 54, 33, 255]
1650679465.202919, [37, 38, 52, 150, 255, 83, 55, 44, 43, 32]
1650679465.2197719, [54, 55, 60, 83, 255, 111, 84, 73, 68, 44]
1650679465.2201412, [79, 81, 86, 97, 142, 129, 128, 120, 110, 68]
1650679465.377994, [126, 128, 133, 135, 157, 145, 159, 159, 143, 106]
1650679465.741749, [164, 162, 162, 170, 178, 167, 180, 183, 176, 144]
1650679465.825632, [255, 255, 255, 255, 255, 194, 255, 255, 255, 170]
1650679466.2506309, [255, 255, 255, 255, 255, 192, 255, 255, 255, 255]
1650679466.387486, [255, 255, 255, 255, 175, 57, 48, 38, 35, 255]
1650679466.7752872, [44, 45, 57, 104, 255, 109, 63, 50, 47, 36]
1650679466.795708, [58, 62, 67, 83, 169, 129, 113, 97, 88, 47]
1650679466.85601, [104, 111, 117, 119, 145, 137, 149, 141, 134, 87]
1650679467.304136, [149, 156, 152, 159, 167, 161, 175, 175, 168, 135]
1650679467.3195899, [183, 187, 255, 255, 255, 191, 255, 255, 255, 160]
1650679467.824874, [255, 255, 255, 255, 255, 189, 255, 255, 255, 255]
1650679467.8429189, [255, 128, 67, 131, 255, 181, 167, 53, 38, 255]
1650679468.3492742, [45, 50, 55, 88, 255, 172, 142, 84, 63, 36]
1650679468.36874, [72, 77, 80, 95, 154, 144, 136, 112, 93, 59]
1650679468.3691142, [110, 116, 118, 125, 147, 144, 155, 147, 136, 92]
1650679468.465025, [153, 160, 157, 165, 178, 166, 182, 178, 171, 133]
1650679468.873388, [182, 186, 255, 255, 255, 187, 255, 255, 255, 166]
1650679469.397722, [255, 255, 255, 255, 255, 105, 110, 255, 105, 255]
1650679469.9205592, [255, 255, 255, 255, 255, 255, 255, 255, 80, 131]
