1650465202.001257, [255, 255, 255, 255, 255, 183, 192, 189, 186, 190]
1650465202.2296, [255, 255, 255, 255, 255, 179, 190, 191, 189, 186]
1650465202.455869, [255, 255, 255, 255, 255, 182, 191, 187, 191, 187]
1650465202.6776378, [255, 255, 255, 255, 255, 182, 191, 190, 186, 192]
1650465202.9048, [255, 255, 255, 255, 255, 183, 193, 194, 186, 192]
1650465203.126152, [255, 255, 255, 255, 255, 182, 196, 190, 189, 187]
1650465203.343441, [255, 255, 255, 255, 255, 180, 195, 195, 192, 192]
1650465203.535317, [255, 255, 179, 170, 172, 154, 163, 160, 152, 255]
1650465203.69594, [140, 134, 127, 133, 151, 146, 162, 153, 145, 145]
1650465203.855165, [131, 132, 128, 130, 153, 145, 161, 160, 146, 137]
1650465204.010091, [136, 131, 123, 128, 153, 144, 159, 155, 142, 137]
1650465204.167358, [131, 130, 124, 132, 147, 141, 158, 152, 138, 136]
1650465204.320905, [127, 129, 121, 128, 149, 143, 154, 147, 139, 133]
1650465204.479455, [124, 125, 122, 127, 148, 145, 152, 148, 132, 133]
1650465204.633452, [124, 122, 118, 125, 147, 137, 154, 145, 132, 125]
1650465204.7892292, [123, 125, 122, 123, 150, 140, 153, 147, 134, 127]
1650465204.945194, [120, 122, 117, 123, 145, 139, 152, 143, 133, 127]
1650465205.101623, [123, 125, 118, 123, 147, 142, 151, 140, 126, 124]
1650465205.2559218, [122, 125, 122, 131, 155, 145, 148, 133, 123, 121]
1650465205.4077399, [124, 128, 127, 129, 157, 139, 139, 133, 120, 123]
1650465205.55756, [124, 128, 132, 135, 157, 138, 134, 125, 120, 127]
1650465205.709611, [125, 130, 132, 136, 157, 137, 134, 125, 120, 118]
1650465205.863891, [125, 132, 134, 136, 151, 135, 134, 127, 121, 126]
1650465206.020044, [127, 136, 138, 141, 151, 132, 131, 123, 123, 125]
1650465206.176183, [129, 137, 140, 142, 155, 136, 133, 129, 125, 128]
1650465206.324755, [132, 136, 144, 144, 153, 132, 135, 131, 130, 129]
1650465206.476588, [134, 141, 146, 146, 159, 138, 139, 132, 128, 131]
1650465206.633535, [137, 143, 146, 146, 155, 140, 137, 133, 130, 133]
1650465206.803946, [136, 142, 144, 147, 156, 140, 137, 136, 130, 132]
1650465206.961643, [138, 146, 146, 148, 161, 144, 144, 137, 132, 132]
1650465207.1156962, [145, 149, 146, 151, 158, 144, 141, 140, 134, 136]
1650465207.273159, [146, 148, 150, 152, 162, 143, 144, 135, 133, 140]
1650465207.429448, [143, 146, 147, 147, 165, 148, 148, 144, 138, 134]
1650465207.5906801, [143, 147, 147, 149, 163, 149, 155, 146, 139, 137]
1650465207.745013, [143, 146, 142, 145, 160, 152, 158, 149, 138, 139]
1650465207.903763, [143, 143, 140, 138, 164, 149, 159, 149, 138, 140]
1650465208.060333, [142, 141, 138, 141, 162, 149, 160, 149, 135, 137]
1650465208.22066, [135, 137, 135, 138, 159, 148, 155, 145, 131, 132]
1650465208.376178, [134, 137, 133, 135, 159, 143, 152, 141, 126, 129]
1650465208.534024, [133, 137, 133, 136, 159, 143, 145, 135, 124, 129]
1650465208.6857421, [132, 131, 131, 136, 163, 144, 141, 134, 123, 124]
1650465208.8414888, [129, 133, 131, 133, 160, 142, 143, 134, 123, 119]
1650465208.9941719, [125, 131, 132, 137, 163, 141, 138, 125, 123, 125]
1650465209.150882, [126, 133, 137, 137, 157, 138, 138, 127, 121, 124]
1650465209.300294, [128, 136, 142, 138, 158, 131, 132, 122, 121, 122]
1650465209.455015, [127, 136, 140, 146, 147, 126, 125, 121, 117, 123]
1650465209.606872, [129, 138, 145, 149, 147, 128, 125, 119, 119, 124]
1650465209.7623, [127, 138, 145, 148, 144, 125, 126, 122, 120, 123]
1650465209.913195, [129, 136, 145, 147, 145, 124, 126, 120, 119, 122]
1650465210.070494, [131, 137, 146, 146, 146, 125, 124, 119, 115, 124]
1650465210.21926, [127, 137, 143, 149, 140, 123, 121, 118, 112, 122]
1650465210.372472, [123, 134, 141, 143, 145, 122, 124, 116, 114, 118]
1650465210.523435, [121, 129, 133, 138, 161, 137, 137, 132, 122, 121]
1650465210.678761, [127, 124, 122, 129, 156, 143, 152, 146, 134, 122]
1650465210.836232, [127, 123, 119, 125, 139, 137, 153, 154, 148, 132]
1650465210.99456, [124, 119, 115, 120, 127, 128, 147, 149, 155, 135]
1650465211.151135, [126, 121, 117, 118, 128, 126, 145, 147, 154, 147]
1650465211.936356, [122, 124, 114, 117, 127, 122, 138, 139, 154, 155]
1650465211.9702132, [121, 127, 118, 115, 124, 120, 142, 144, 154, 161]
1650465211.970266, [121, 129, 117, 122, 126, 125, 135, 134, 148, 159]
1650465211.970289, [117, 122, 113, 119, 125, 124, 136, 137, 148, 154]
1650465211.97031, [117, 130, 118, 119, 126, 125, 133, 137, 143, 160]
1650465212.1064599, [114, 125, 117, 117, 127, 124, 134, 132, 142, 154]
1650465212.264408, [116, 127, 114, 113, 120, 119, 134, 135, 143, 152]
1650465212.418417, [118, 125, 113, 116, 121, 120, 131, 135, 144, 156]
1650465212.574487, [118, 124, 113, 112, 122, 120, 136, 137, 149, 157]
1650465212.730815, [119, 123, 113, 115, 124, 120, 134, 140, 151, 157]
1650465212.886728, [121, 124, 112, 110, 125, 121, 137, 137, 150, 155]
1650465213.0383801, [118, 120, 109, 108, 118, 117, 132, 139, 148, 150]
1650465213.1933079, [120, 123, 109, 111, 122, 118, 134, 137, 151, 152]
1650465213.346622, [118, 122, 109, 107, 119, 116, 132, 138, 150, 152]
1650465213.5026078, [114, 120, 107, 111, 121, 117, 135, 130, 147, 152]
1650465213.656193, [117, 121, 108, 108, 119, 116, 133, 137, 147, 147]
1650465213.810625, [117, 122, 108, 105, 122, 119, 133, 135, 147, 153]
1650465213.964031, [117, 122, 106, 110, 118, 120, 129, 134, 149, 152]
1650465214.117122, [118, 120, 110, 114, 119, 115, 128, 134, 147, 153]
1650465214.272084, [118, 120, 112, 108, 119, 115, 133, 135, 145, 150]
1650465214.428038, [116, 124, 111, 111, 119, 118, 135, 136, 150, 153]
1650465214.578877, [118, 122, 110, 112, 120, 116, 135, 136, 145, 151]
1650465214.734337, [117, 123, 109, 110, 118, 120, 137, 136, 149, 154]
1650465214.892947, [116, 121, 110, 114, 120, 118, 132, 131, 145, 154]
1650465215.042759, [116, 122, 113, 113, 119, 116, 131, 132, 145, 154]
1650465215.195198, [116, 124, 111, 116, 121, 119, 130, 133, 141, 154]
1650465215.352084, [115, 127, 111, 113, 122, 120, 132, 129, 137, 151]
1650465215.501842, [113, 125, 116, 117, 121, 116, 129, 127, 138, 151]
1650465215.684823, [113, 124, 115, 117, 124, 118, 130, 128, 137, 148]
1650465215.8111942, [115, 123, 115, 120, 123, 117, 124, 128, 132, 152]
1650465215.964679, [116, 124, 113, 118, 120, 117, 132, 131, 131, 147]
1650465216.121863, [117, 125, 115, 119, 123, 121, 127, 127, 132, 149]
1650465216.275607, [114, 126, 117, 118, 118, 117, 126, 129, 135, 150]
1650465216.432029, [117, 125, 117, 118, 122, 119, 132, 126, 137, 146]
1650465216.589735, [115, 130, 120, 122, 123, 116, 129, 123, 131, 147]
1650465216.741657, [110, 122, 117, 118, 124, 118, 125, 124, 130, 143]
1650465216.895234, [110, 122, 113, 119, 121, 117, 123, 126, 133, 145]
1650465219.2872472, [116, 124, 115, 118, 122, 116, 130, 131, 142, 147]
1650465219.321888, [119, 126, 113, 113, 119, 116, 132, 130, 139, 158]
1650465219.321934, [116, 125, 111, 112, 116, 114, 129, 127, 142, 156]
1650465219.321957, [118, 123, 109, 108, 117, 110, 128, 131, 145, 155]
1650465219.3219771, [116, 120, 106, 106, 117, 114, 133, 137, 148, 148]
1650465219.321996, [114, 115, 106, 106, 118, 115, 130, 133, 148, 146]
1650465219.3220139, [116, 115, 103, 110, 114, 112, 132, 135, 148, 146]
1650465219.322033, [115, 116, 104, 104, 116, 112, 128, 133, 145, 147]
1650465219.32205, [116, 118, 107, 104, 116, 110, 128, 133, 146, 148]
1650465219.3220701, [115, 117, 104, 104, 114, 111, 127, 134, 144, 146]
1650465219.322088, [114, 117, 101, 103, 111, 113, 129, 136, 147, 144]
1650465219.3221052, [116, 111, 102, 102, 113, 111, 127, 135, 145, 142]
1650465219.322123, [113, 110, 101, 102, 111, 110, 126, 134, 148, 139]
1650465219.32214, [116, 112, 96, 100, 113, 107, 130, 134, 151, 136]
1650465219.322197, [113, 111, 98, 99, 110, 108, 127, 132, 149, 137]
1650465219.354231, [114, 111, 101, 102, 114, 111, 130, 135, 146, 139]
1650465219.488978, [115, 107, 100, 100, 111, 109, 133, 137, 144, 136]
1650465219.641551, [114, 110, 99, 103, 116, 114, 133, 137, 149, 135]
1650465219.794129, [114, 111, 98, 100, 113, 110, 130, 139, 140, 137]
1650465219.944085, [114, 105, 95, 99, 113, 108, 134, 137, 138, 125]
1650465220.095664, [112, 104, 97, 97, 114, 110, 131, 136, 141, 122]
1650465220.246182, [112, 106, 94, 98, 109, 109, 129, 137, 139, 124]
1650465220.397845, [113, 104, 93, 97, 110, 110, 131, 138, 143, 128]
1650465220.548488, [111, 107, 92, 99, 110, 107, 129, 140, 146, 132]
1650465220.70095, [113, 112, 101, 102, 118, 113, 132, 140, 149, 133]
1650465220.8535502, [118, 111, 101, 105, 114, 115, 136, 141, 148, 133]
1650465221.008141, [115, 112, 104, 105, 116, 115, 135, 141, 145, 139]
1650465221.1611362, [116, 117, 103, 105, 118, 114, 137, 141, 149, 141]
1650465221.314662, [120, 116, 106, 109, 119, 115, 137, 140, 150, 143]
1650465221.468149, [116, 114, 102, 106, 118, 118, 135, 140, 152, 142]
1650465221.6226282, [117, 114, 103, 105, 119, 116, 134, 141, 149, 143]
1650465221.776417, [118, 118, 107, 109, 120, 116, 138, 147, 152, 140]
1650465221.928567, [116, 116, 105, 110, 118, 118, 139, 143, 151, 144]
1650465222.100443, [120, 116, 106, 106, 120, 117, 137, 146, 148, 138]
1650465222.253663, [119, 116, 106, 111, 120, 118, 138, 142, 150, 142]
1650465222.4079092, [119, 119, 105, 106, 116, 116, 133, 135, 131, 139]
1650465222.646229, [255, 255, 255, 255, 255, 187, 201, 196, 195, 147]
1650465222.900508, [255, 255, 255, 187, 187, 159, 175, 165, 165, 189]
1650465223.3093948, [255, 255, 255, 255, 255, 175, 180, 174, 160, 164]
