1650239968.460416, [255, 255, 255, 255, 255, 255, 255, 255, 255, 255]
1650239968.902922, [255, 255, 255, 255, 255, 255, 255, 255, 255, 255]
1650239969.343082, [255, 255, 255, 255, 255, 255, 255, 255, 255, 255]
1650239969.777161, [255, 255, 255, 255, 255, 255, 255, 255, 255, 255]
1650239970.0934432, [255, 255, 255, 255, 118, 84, 77, 78, 76, 255]
1650239970.374801, [255, 255, 255, 180, 95, 77, 78, 76, 82, 81]
1650239970.748505, [255, 255, 152, 111, 82, 74, 76, 77, 84, 89]
1650239970.917011, [255, 255, 159, 113, 82, 76, 78, 80, 85, 94]
1650239972.2704058, [255, 255, 161, 125, 88, 73, 77, 79, 81, 93]
1650239972.287561, [255, 255, 184, 126, 88, 76, 81, 80, 84, 91]
1650239972.2877781, [255, 255, 183, 126, 89, 75, 80, 82, 84, 92]
1650239972.2879128, [255, 255, 189, 134, 89, 79, 79, 81, 84, 90]
1650239972.288039, [255, 255, 191, 139, 89, 76, 82, 81, 86, 92]
1650239972.461115, [255, 255, 183, 134, 86, 77, 80, 78, 81, 90]
1650239972.842752, [255, 255, 192, 134, 91, 78, 80, 81, 83, 92]
1650239972.99588, [255, 255, 255, 132, 91, 77, 78, 81, 84, 92]
1650239973.2498538, [255, 255, 151, 107, 82, 74, 77, 81, 86, 92]
1650239973.490274, [255, 255, 133, 103, 81, 75, 79, 81, 85, 93]
1650239973.8952918, [255, 255, 140, 104, 81, 76, 82, 79, 87, 95]
1650239973.992676, [255, 255, 145, 105, 85, 76, 80, 81, 86, 94]
1650239974.285456, [255, 255, 155, 114, 85, 78, 79, 82, 84, 92]
1650239974.500753, [255, 255, 169, 122, 87, 78, 78, 79, 85, 93]
1650239974.9417531, [255, 255, 255, 151, 99, 82, 84, 84, 87, 92]
1650239975.055722, [255, 255, 255, 149, 102, 86, 88, 85, 89, 95]
1650239975.3348858, [255, 255, 255, 145, 106, 85, 95, 92, 94, 97]
1650239975.626307, [255, 255, 181, 131, 105, 92, 97, 99, 105, 104]
1650239975.98976, [255, 255, 163, 123, 104, 94, 103, 103, 108, 108]
1650239976.113792, [255, 255, 150, 124, 111, 95, 111, 109, 111, 112]
1650239976.3843908, [255, 255, 138, 124, 112, 101, 113, 113, 117, 118]
1650239976.650424, [255, 255, 138, 122, 116, 106, 117, 120, 122, 122]
1650239976.8758342, [255, 255, 134, 123, 121, 112, 121, 125, 123, 123]
1650239977.126868, [255, 255, 138, 130, 122, 118, 130, 132, 127, 125]
1650239977.4312692, [255, 184, 139, 131, 130, 126, 131, 137, 131, 126]
1650239977.628382, [255, 196, 143, 126, 125, 124, 131, 128, 129, 127]
1650239977.878381, [255, 188, 139, 124, 128, 127, 131, 134, 128, 127]
1650239978.108458, [255, 188, 143, 126, 129, 123, 135, 133, 134, 127]
1650239978.479718, [255, 191, 146, 135, 136, 127, 136, 139, 133, 128]
1650239978.6256099, [255, 185, 143, 136, 134, 130, 138, 138, 133, 128]
1650239978.901723, [255, 187, 147, 136, 132, 130, 138, 141, 136, 135]
1650239979.135814, [255, 178, 142, 133, 130, 130, 138, 136, 135, 133]
1650239979.363651, [255, 180, 141, 137, 138, 131, 141, 139, 135, 129]
1650239979.606524, [255, 191, 142, 138, 135, 133, 142, 138, 132, 132]
1650239979.859711, [255, 183, 148, 141, 139, 138, 142, 145, 135, 131]
1650239980.185558, [255, 196, 158, 148, 142, 137, 141, 143, 139, 137]
1650239980.432683, [255, 255, 173, 161, 143, 136, 137, 139, 137, 135]
1650239980.716457, [255, 255, 255, 255, 155, 134, 138, 134, 133, 136]
1650239981.063755, [255, 255, 255, 255, 194, 164, 152, 139, 133, 133]
1650239981.432215, [255, 255, 255, 255, 255, 184, 167, 149, 135, 130]
1650239981.799693, [255, 255, 255, 255, 255, 255, 176, 158, 137, 130]
1650239982.283896, [255, 255, 255, 255, 255, 186, 166, 144, 135, 134]
1650239982.5228019, [255, 255, 255, 255, 255, 170, 151, 134, 130, 124]
1650239982.859626, [255, 255, 255, 255, 255, 155, 136, 123, 119, 122]
1650239983.330465, [255, 255, 255, 255, 180, 139, 126, 115, 116, 122]
1650239983.51775, [255, 255, 255, 255, 144, 119, 115, 107, 108, 111]
1650239983.823488, [255, 255, 255, 255, 123, 106, 107, 104, 106, 106]
1650239984.107126, [255, 255, 189, 152, 111, 96, 103, 106, 107, 106]
1650239984.377908, [255, 255, 153, 128, 108, 98, 108, 108, 114, 110]
1650239984.594572, [255, 193, 120, 110, 107, 100, 113, 115, 115, 110]
1650239984.824, [255, 150, 113, 105, 112, 102, 116, 113, 112, 113]
1650239985.016247, [255, 135, 113, 103, 109, 103, 118, 110, 110, 113]
1650239985.219543, [255, 130, 108, 108, 111, 105, 118, 108, 111, 108]
1650239985.425815, [170, 116, 107, 103, 110, 108, 115, 107, 107, 110]
1650239985.5948741, [137, 121, 105, 98, 106, 105, 111, 103, 102, 105]
1650239985.821808, [130, 116, 106, 95, 108, 105, 112, 104, 104, 100]
1650239985.903857, [122, 113, 103, 98, 106, 104, 106, 99, 96, 101]
1650239986.0713952, [121, 109, 98, 91, 109, 102, 104, 100, 94, 95]
1650239986.2116768, [120, 107, 97, 90, 102, 95, 103, 98, 92, 91]
1650239986.474179, [123, 105, 95, 88, 101, 95, 100, 98, 94, 95]
1650239986.5153658, [116, 102, 90, 89, 97, 91, 102, 95, 90, 92]
1650239986.685649, [118, 97, 92, 85, 96, 94, 98, 89, 91, 89]
1650239986.867468, [112, 99, 85, 83, 94, 89, 95, 92, 92, 94]
1650239986.985576, [110, 93, 86, 85, 95, 91, 95, 93, 94, 95]
1650239987.103497, [102, 95, 85, 87, 97, 93, 97, 97, 97, 108]
1650239987.2492092, [106, 92, 85, 87, 95, 91, 99, 93, 96, 110]
1650239987.5238788, [105, 90, 87, 87, 96, 92, 98, 93, 101, 110]
1650239987.542596, [107, 91, 85, 82, 95, 88, 98, 94, 101, 108]
1650239987.71077, [101, 92, 85, 82, 95, 90, 98, 96, 100, 106]
1650239987.9180002, [110, 92, 85, 81, 94, 87, 99, 96, 96, 103]
1650239987.974891, [110, 96, 83, 78, 90, 86, 99, 95, 97, 101]
1650239988.134072, [123, 101, 86, 82, 91, 86, 99, 94, 95, 102]
1650239988.3299022, [135, 104, 91, 84, 92, 85, 97, 97, 94, 99]
1650239988.57082, [255, 128, 95, 89, 87, 83, 94, 93, 92, 99]
1650239988.783909, [255, 255, 126, 107, 96, 84, 90, 90, 92, 94]
1650239989.091587, [255, 255, 255, 255, 101, 88, 91, 88, 86, 97]
1650239989.413512, [255, 255, 255, 255, 132, 93, 86, 83, 78, 88]
1650239989.767603, [255, 255, 255, 255, 149, 91, 86, 78, 74, 81]
1650239990.047883, [255, 255, 255, 255, 105, 79, 77, 70, 70, 76]
1650239990.31143, [255, 255, 177, 104, 75, 64, 68, 71, 76, 78]
1650239990.669944, [255, 255, 89, 78, 69, 62, 69, 72, 78, 83]
1650239990.77909, [255, 180, 77, 70, 66, 58, 68, 73, 80, 81]
1650239990.96792, [255, 167, 74, 69, 64, 58, 68, 73, 80, 79]
1650239991.189694, [255, 176, 76, 64, 61, 57, 64, 71, 77, 79]
1650239991.3959591, [255, 177, 77, 69, 66, 57, 64, 70, 77, 75]
1650239991.7190368, [255, 182, 75, 70, 63, 58, 63, 71, 82, 75]
1650239992.11356, [255, 255, 255, 255, 255, 255, 255, 255, 255, 124]
1650239992.563353, [255, 255, 255, 255, 255, 255, 255, 255, 255, 255]
