1650239997.020416, [255, 255, 255, 255, 255, 255, 255, 255, 255, 255]
1650239997.3876219, [255, 255, 255, 255, 255, 255, 255, 255, 255, 255]
1650239997.7893262, [255, 255, 255, 255, 255, 255, 255, 255, 255, 255]
1650239998.091742, [255, 255, 78, 34, 39, 118, 255, 255, 255, 255]
1650239998.401995, [255, 255, 31, 19, 28, 23, 31, 72, 255, 255]
1650239998.5960052, [255, 255, 36, 23, 25, 19, 30, 86, 255, 255]
1650239998.84726, [255, 255, 37, 22, 25, 21, 30, 82, 255, 255]
1650239999.117331, [255, 255, 37, 21, 27, 20, 28, 82, 255, 255]
1650239999.4599948, [255, 255, 31, 19, 26, 20, 35, 255, 255, 255]
1650239999.6025789, [255, 34, 19, 19, 24, 29, 255, 255, 255, 255]
1650239999.8366861, [255, 255, 35, 19, 24, 18, 24, 35, 183, 255]
1650240000.235232, [255, 255, 255, 255, 255, 255, 203, 18, 16, 255]
1650240000.607507, [255, 255, 255, 255, 255, 255, 255, 21, 16, 11]
1650240001.155906, [255, 255, 255, 255, 255, 255, 195, 20, 15, 13]
1650240001.335216, [255, 255, 255, 255, 255, 70, 21, 19, 15, 12]
1650240001.641718, [255, 255, 255, 255, 173, 15, 19, 16, 23, 29]
1650240001.943939, [255, 255, 255, 43, 20, 12, 19, 38, 255, 255]
1650240002.204232, [255, 255, 52, 13, 17, 12, 23, 255, 255, 255]
1650240002.459133, [255, 178, 13, 13, 17, 18, 255, 255, 255, 255]
1650240002.6977332, [167, 21, 14, 12, 18, 194, 255, 255, 255, 255]
1650240002.921311, [37, 21, 12, 12, 41, 255, 255, 255, 255, 255]
1650240003.251876, [25, 21, 13, 11, 192, 255, 255, 255, 255, 255]
1650240003.387399, [30, 23, 18, 18, 59, 255, 255, 255, 255, 255]
1650240003.6464992, [41, 31, 24, 25, 53, 163, 255, 255, 255, 255]
1650240003.787091, [46, 38, 33, 32, 52, 110, 255, 255, 255, 255]
1650240003.991464, [56, 46, 40, 43, 65, 104, 255, 255, 255, 255]
1650240004.3019588, [65, 56, 49, 51, 73, 103, 255, 255, 255, 255]
1650240004.402982, [69, 59, 56, 55, 81, 99, 198, 255, 255, 255]
1650240004.573073, [77, 68, 64, 66, 84, 100, 168, 202, 255, 255]
1650240004.759678, [84, 73, 74, 74, 94, 103, 148, 168, 255, 255]
1650240004.923852, [90, 83, 78, 80, 94, 100, 132, 142, 195, 255]
1650240005.117456, [98, 86, 83, 84, 97, 100, 123, 134, 172, 255]
1650240005.350512, [99, 93, 84, 84, 98, 93, 109, 118, 134, 255]
1650240005.410291, [111, 97, 84, 81, 91, 88, 103, 104, 125, 165]
1650240005.56339, [119, 100, 89, 85, 89, 86, 97, 95, 108, 150]
1650240005.8097699, [255, 255, 114, 105, 91, 84, 90, 89, 91, 124]
1650240006.141531, [255, 255, 255, 255, 136, 107, 97, 89, 90, 97]
1650240006.450193, [255, 255, 255, 255, 131, 103, 93, 92, 86, 92]
1650240006.7925131, [255, 255, 255, 255, 126, 97, 95, 86, 83, 90]
1650240007.1196039, [255, 255, 255, 255, 255, 115, 84, 75, 68, 86]
1650240007.464044, [255, 255, 255, 255, 255, 138, 77, 63, 53, 70]
1650240007.850401, [255, 255, 255, 255, 255, 83, 52, 51, 46, 53]
1650240008.096472, [255, 255, 255, 255, 64, 48, 50, 47, 50, 45]
1650240008.496075, [255, 255, 255, 87, 57, 46, 50, 50, 57, 60]
1650240008.631924, [255, 255, 186, 84, 58, 48, 52, 52, 58, 73]
1650240008.8993201, [255, 255, 181, 83, 57, 48, 51, 51, 57, 77]
1650240009.173012, [255, 255, 179, 79, 58, 49, 51, 50, 57, 73]
1650240009.544935, [255, 255, 159, 73, 58, 47, 51, 51, 59, 80]
1650240009.6861892, [255, 255, 155, 78, 56, 48, 50, 51, 60, 76]
1650240009.945287, [255, 255, 159, 77, 58, 49, 52, 53, 59, 76]
1650240010.194526, [255, 255, 133, 69, 55, 49, 49, 53, 57, 78]
1650240010.592415, [255, 255, 122, 70, 56, 49, 51, 50, 58, 78]
1650240010.7113469, [255, 255, 166, 70, 54, 46, 50, 55, 103, 80]
1650240011.1696799, [255, 255, 255, 255, 255, 255, 255, 255, 255, 255]
