1650243875.5763788, [255, 255, 255, 255, 255, 255, 255, 255, 255, 255]
1650243875.59851, [255, 255, 255, 255, 255, 190, 193, 195, 191, 255]
1650243875.598699, [255, 255, 255, 255, 255, 255, 255, 255, 196, 187]
1650243875.598777, [255, 255, 255, 255, 255, 255, 202, 203, 196, 190]
1650243875.5988522, [255, 255, 255, 255, 255, 255, 255, 255, 255, 193]
1650243875.955415, [255, 255, 255, 255, 255, 255, 255, 255, 255, 255]
1650243876.262416, [255, 255, 255, 255, 255, 255, 255, 255, 255, 255]
1650243876.569812, [255, 255, 255, 255, 255, 255, 255, 255, 255, 255]
1650243876.854135, [255, 255, 255, 255, 255, 255, 255, 255, 255, 255]
1650243877.184266, [255, 255, 255, 255, 255, 255, 255, 255, 188, 255]
1650243877.491317, [255, 255, 255, 255, 255, 255, 255, 255, 169, 156]
1650243877.7971158, [255, 255, 255, 255, 255, 255, 255, 255, 144, 129]
1650243878.105789, [255, 255, 255, 255, 255, 255, 255, 255, 106, 87]
1650243878.4128902, [255, 255, 255, 255, 255, 255, 255, 166, 59, 64]
1650243878.60542, [255, 255, 255, 255, 255, 255, 255, 114, 32, 41]
1650243878.925128, [255, 255, 255, 255, 255, 255, 255, 43, 19, 27]
1650243879.2321851, [255, 255, 255, 255, 255, 255, 255, 20, 17, 16]
1650243879.4207191, [255, 255, 255, 255, 255, 255, 255, 23, 16, 11]
1650243879.7442582, [255, 255, 255, 255, 255, 255, 255, 255, 255, 11]
1650243880.0237179, [255, 255, 255, 255, 255, 255, 255, 255, 255, 255]
1650243880.358479, [255, 255, 255, 255, 255, 255, 255, 255, 255, 255]
1650243880.6658409, [255, 255, 255, 255, 255, 255, 255, 255, 255, 255]
1650243880.900658, [255, 255, 255, 255, 255, 255, 255, 255, 255, 255]
