1650243883.666507, [255, 255, 255, 255, 255, 255, 255, 255, 255, 255]
1650243883.977664, [255, 255, 255, 255, 255, 255, 255, 255, 255, 255]
1650243884.352443, [255, 255, 255, 255, 255, 255, 255, 255, 255, 255]
1650243884.761781, [255, 255, 255, 255, 255, 255, 255, 255, 255, 255]
1650243885.171523, [255, 255, 255, 255, 255, 255, 255, 255, 255, 255]
1650243885.473505, [255, 255, 255, 255, 255, 255, 255, 255, 255, 255]
1650243885.6244721, [199, 255, 187, 187, 255, 255, 255, 255, 255, 255]
1650243885.888163, [178, 175, 165, 162, 181, 180, 207, 255, 255, 255]
1650243886.0318022, [156, 144, 140, 138, 160, 158, 186, 255, 255, 255]
1650243886.2305942, [125, 116, 111, 111, 134, 137, 184, 255, 255, 255]
1650243886.436595, [103, 97, 99, 97, 132, 156, 255, 255, 255, 255]
1650243886.707607, [84, 81, 79, 87, 163, 255, 255, 255, 255, 255]
1650243886.913329, [68, 64, 65, 79, 255, 255, 255, 255, 255, 255]
1650243887.161336, [50, 47, 54, 86, 255, 255, 255, 255, 255, 255]
1650243887.5266361, [39, 31, 32, 98, 255, 255, 255, 255, 255, 255]
1650243887.706864, [23, 19, 16, 255, 255, 255, 255, 255, 255, 255]
1650243888.001483, [23, 19, 11, 186, 255, 255, 255, 255, 255, 255]
1650243888.345784, [23, 19, 10, 111, 255, 255, 255, 255, 255, 255]
1650243888.5408, [23, 20, 9, 107, 255, 255, 255, 255, 255, 255]
1650243888.8584142, [24, 20, 9, 134, 255, 255, 255, 255, 255, 255]
1650243889.2674088, [255, 255, 255, 255, 255, 255, 255, 255, 255, 255]
1650243889.472109, [255, 255, 255, 255, 255, 255, 207, 255, 192, 255]
1650243889.779582, [255, 255, 255, 255, 255, 183, 194, 187, 181, 186]
1650243890.088384, [255, 255, 255, 255, 255, 186, 192, 196, 185, 179]
