1650679798.625345, [255, 255, 255, 255, 255, 255, 255, 255, 255, 255]
1650679799.149824, [255, 255, 255, 255, 255, 255, 255, 255, 255, 255]
1650679799.673285, [255, 255, 255, 255, 255, 255, 255, 255, 255, 255]
1650679799.8134558, [255, 255, 255, 255, 255, 255, 255, 255, 255, 255]
1650679800.7235782, [255, 255, 255, 255, 255, 255, 255, 255, 255, 255]
1650679800.739358, [255, 255, 255, 255, 187, 139, 123, 114, 105, 255]
1650679801.247446, [255, 255, 255, 255, 255, 138, 121, 108, 104, 109]
1650679801.77178, [255, 255, 255, 255, 255, 157, 124, 110, 104, 100]
1650679801.798507, [255, 255, 255, 255, 255, 148, 121, 108, 94, 96]
1650679802.294674, [255, 255, 255, 255, 125, 107, 107, 103, 103, 99]
1650679802.3731468, [255, 255, 139, 120, 110, 102, 111, 108, 112, 106]
1650679802.8188832, [255, 142, 109, 102, 101, 101, 111, 112, 128, 129]
1650679802.839024, [138, 116, 100, 100, 103, 101, 118, 123, 137, 174]
1650679802.9525099, [127, 113, 98, 96, 104, 111, 125, 139, 171, 255]
1650679803.344094, [113, 105, 97, 94, 113, 111, 138, 158, 183, 255]
1650679803.370063, [110, 103, 97, 95, 115, 119, 160, 184, 255, 255]
1650679803.868949, [110, 110, 104, 104, 133, 138, 188, 186, 195, 255]
1650679803.8886368, [109, 108, 101, 104, 124, 129, 177, 189, 197, 255]
1650679804.39261, [108, 104, 100, 104, 126, 131, 169, 186, 194, 255]
1650679804.41434, [110, 106, 103, 100, 124, 137, 171, 182, 191, 255]
1650679804.466708, [108, 107, 100, 102, 128, 134, 178, 190, 196, 255]
1650679804.9183218, [105, 104, 99, 100, 126, 129, 177, 194, 255, 255]
1650679804.9392252, [106, 103, 98, 98, 125, 130, 178, 197, 255, 255]
1650679805.440922, [104, 101, 95, 101, 122, 132, 181, 201, 255, 255]
1650679805.964469, [102, 96, 89, 92, 116, 127, 188, 201, 255, 255]
1650679805.986531, [95, 95, 90, 94, 120, 134, 198, 255, 255, 255]
1650679805.9866428, [96, 92, 91, 93, 121, 133, 200, 255, 255, 255]
1650679806.105958, [90, 90, 86, 89, 117, 134, 255, 255, 255, 255]
1650679806.488377, [90, 88, 81, 84, 123, 144, 255, 255, 255, 255]
1650679807.013708, [85, 85, 81, 84, 127, 157, 255, 255, 255, 255]
1650679807.031636, [79, 80, 80, 80, 130, 165, 255, 255, 255, 255]
1650679807.163167, [76, 79, 74, 80, 140, 181, 255, 255, 255, 255]
1650679807.539788, [77, 74, 72, 78, 157, 194, 255, 255, 255, 255]
1650679808.0623949, [73, 72, 73, 83, 180, 255, 255, 255, 255, 255]
1650679808.09827, [73, 72, 72, 81, 255, 255, 255, 255, 255, 255]
1650679808.5868769, [66, 68, 67, 82, 255, 255, 255, 255, 255, 255]
1650679808.68159, [62, 64, 65, 79, 255, 255, 255, 255, 255, 255]
1650679809.110293, [63, 64, 63, 81, 255, 255, 255, 255, 255, 255]
1650679809.635421, [57, 59, 59, 71, 255, 255, 255, 255, 255, 255]
1650679809.654117, [60, 59, 54, 58, 135, 185, 255, 255, 255, 255]
1650679810.159934, [64, 57, 54, 58, 94, 150, 255, 255, 255, 255]
1650679810.18012, [63, 58, 53, 59, 90, 135, 255, 255, 255, 255]
1650679810.681998, [64, 61, 54, 58, 86, 119, 255, 255, 255, 255]
1650679810.705222, [68, 62, 52, 56, 79, 114, 255, 255, 255, 255]
1650679811.2076118, [66, 59, 53, 57, 76, 96, 255, 255, 255, 255]
1650679811.228022, [71, 62, 51, 57, 74, 85, 196, 255, 255, 255]
1650679811.341141, [74, 64, 52, 56, 72, 82, 179, 255, 255, 255]
1650679811.731524, [72, 64, 52, 57, 72, 84, 167, 255, 255, 255]
1650679811.787231, [73, 62, 54, 55, 69, 76, 157, 255, 255, 255]
1650679812.2909482, [71, 62, 51, 55, 67, 75, 147, 255, 255, 255]
1650679812.2911491, [73, 62, 52, 54, 70, 77, 149, 255, 255, 255]
1650679812.779797, [72, 62, 50, 54, 64, 74, 147, 255, 255, 255]
1650679812.7984571, [76, 64, 52, 55, 62, 71, 128, 255, 255, 255]
1650679813.30674, [76, 63, 52, 55, 68, 71, 131, 255, 255, 255]
1650679813.328552, [72, 60, 49, 53, 66, 72, 153, 255, 255, 255]
1650679813.3660932, [70, 56, 47, 52, 64, 77, 203, 255, 255, 255]
1650679813.829279, [65, 57, 47, 51, 65, 89, 255, 255, 255, 255]
1650679813.855092, [63, 52, 44, 48, 67, 109, 255, 255, 255, 255]
1650679814.3555782, [54, 47, 36, 44, 67, 130, 255, 255, 255, 255]
1650679814.393645, [50, 42, 37, 39, 78, 179, 255, 255, 255, 255]
1650679814.877868, [45, 40, 30, 39, 83, 196, 255, 255, 255, 255]
1650679814.9016168, [55, 46, 33, 37, 48, 61, 171, 255, 255, 255]
1650679815.402258, [98, 57, 38, 39, 42, 43, 73, 176, 255, 255]
1650679815.419792, [128, 66, 46, 43, 43, 41, 65, 100, 188, 255]
1650679815.529079, [255, 90, 49, 47, 42, 41, 55, 67, 135, 255]
1650679815.9268491, [255, 255, 59, 49, 44, 42, 51, 55, 88, 255]
1650679815.986298, [255, 255, 67, 54, 45, 40, 50, 55, 75, 255]
1650679816.450665, [255, 255, 85, 60, 47, 42, 48, 52, 66, 180]
1650679816.486124, [255, 255, 83, 59, 48, 41, 50, 53, 68, 167]
1650679816.975826, [255, 161, 52, 47, 42, 43, 56, 78, 182, 184]
1650679817.0047271, [91, 58, 41, 41, 47, 53, 104, 255, 255, 255]
1650679817.499648, [63, 51, 39, 43, 56, 86, 255, 255, 255, 255]
1650679817.520156, [56, 47, 42, 49, 89, 182, 255, 255, 255, 255]
1650679818.050933, [53, 48, 44, 54, 184, 255, 255, 255, 255, 255]
1650679818.076555, [53, 52, 50, 64, 255, 255, 255, 255, 255, 255]
1650679818.5475168, [52, 50, 50, 77, 255, 255, 255, 255, 255, 255]
1650679819.072603, [50, 50, 58, 102, 255, 255, 255, 255, 255, 255]
1650679819.095948, [43, 42, 43, 68, 255, 255, 255, 255, 255, 255]
1650679819.595638, [48, 45, 44, 59, 255, 255, 255, 255, 255, 255]
1650679819.667522, [61, 58, 57, 65, 154, 189, 255, 255, 255, 255]
1650679820.121374, [69, 67, 66, 73, 135, 169, 255, 255, 255, 255]
1650679820.197879, [78, 73, 72, 81, 128, 154, 255, 255, 255, 255]
1650679820.6445389, [83, 80, 78, 82, 121, 151, 255, 255, 255, 255]
1650679820.7084, [85, 83, 81, 86, 126, 147, 255, 255, 255, 255]
1650679821.1695309, [85, 83, 81, 84, 125, 149, 255, 255, 255, 255]
1650679821.2222269, [86, 82, 82, 84, 125, 151, 255, 255, 255, 255]
1650679821.693921, [81, 80, 79, 84, 121, 149, 255, 255, 255, 255]
1650679821.7297258, [83, 82, 83, 83, 122, 150, 255, 255, 255, 255]
1650679822.217973, [83, 80, 79, 82, 125, 147, 255, 255, 255, 255]
1650679822.249186, [83, 84, 79, 82, 127, 147, 255, 255, 255, 255]
1650679822.741811, [82, 83, 80, 80, 130, 148, 255, 255, 255, 255]
1650679823.266152, [83, 78, 76, 84, 121, 149, 255, 255, 255, 255]
1650679823.791709, [83, 81, 77, 85, 255, 255, 255, 255, 255, 255]
1650679824.4011772, [255, 255, 255, 255, 255, 255, 255, 255, 255, 255]
1650679824.840702, [255, 255, 255, 255, 255, 255, 255, 255, 255, 255]
1650679824.905184, [255, 255, 255, 255, 255, 255, 255, 255, 255, 255]
1650679825.362856, [255, 255, 255, 255, 255, 255, 255, 255, 255, 255]
1650679825.888791, [255, 255, 255, 255, 255, 255, 255, 255, 255, 255]
1650679826.412729, [255, 255, 255, 255, 255, 255, 255, 255, 255, 255]
1650679826.937302, [255, 255, 255, 255, 255, 255, 255, 255, 255, 255]
