1648333253.190664, [255, 255, 255, 255, 255, 255, 255, 255, 255, 255]
1648333253.699525, [255, 255, 255, 255, 255, 255, 255, 255, 255, 255]
1648333254.3172932, [255, 255, 255, 255, 255, 255, 255, 255, 255, 255]
1648333254.727068, [255, 255, 255, 255, 255, 97, 101, 101, 94, 255]
1648333254.913652, [98, 97, 97, 94, 109, 111, 108, 106, 98, 92]
1648333255.07668, [86, 85, 82, 87, 114, 109, 102, 94, 87, 90]
1648333255.253338, [72, 77, 72, 82, 111, 106, 103, 93, 84, 79]
1648333255.397273, [65, 66, 63, 69, 98, 98, 100, 91, 80, 75]
1648333255.5335062, [68, 65, 59, 62, 86, 87, 96, 89, 78, 73]
1648333255.669135, [71, 64, 55, 56, 76, 77, 89, 84, 71, 72]
1648333255.801286, [71, 64, 52, 51, 66, 67, 80, 76, 65, 66]
1648333255.9344, [72, 64, 52, 50, 61, 60, 73, 66, 60, 61]
1648333256.066853, [72, 63, 50, 49, 58, 54, 62, 59, 60, 61]
1648333256.203069, [69, 61, 47, 46, 55, 50, 56, 54, 57, 63]
1648333256.333864, [63, 58, 45, 44, 54, 49, 52, 51, 52, 64]
1648333256.465586, [58, 54, 43, 43, 53, 48, 53, 51, 49, 58]
1648333256.6479201, [52, 51, 41, 42, 55, 47, 49, 51, 60, 55]
1648333257.183904, [255, 255, 255, 255, 255, 255, 255, 255, 255, 255]
1648333257.798748, [255, 255, 255, 255, 255, 255, 255, 255, 255, 255]
1648333258.310991, [255, 255, 255, 255, 255, 255, 255, 255, 255, 255]
1648333258.924244, [255, 255, 255, 255, 255, 255, 255, 255, 255, 255]
1648333259.4373891, [255, 255, 255, 255, 255, 255, 255, 255, 255, 255]
