1648333332.672181, [255, 255, 255, 255, 255, 255, 255, 255, 255, 255]
1648333333.092614, [255, 255, 255, 255, 255, 255, 255, 255, 255, 255]
1648333333.532471, [255, 255, 255, 255, 255, 255, 255, 255, 255, 255]
1648333334.086303, [255, 255, 255, 255, 255, 255, 255, 255, 255, 255]
1648333334.6125782, [255, 255, 255, 255, 255, 255, 255, 255, 91, 255]
1648333335.104296, [255, 255, 105, 91, 91, 255, 255, 255, 255, 91]
1648333335.349785, [255, 119, 102, 94, 94, 69, 73, 64, 69, 255]
1648333335.628078, [115, 112, 94, 91, 96, 79, 78, 64, 62, 66]
1648333335.686081, [94, 95, 85, 86, 95, 78, 73, 63, 59, 60]
1648333335.736158, [79, 79, 75, 79, 90, 77, 71, 63, 57, 57]
1648333335.865908, [71, 70, 66, 71, 86, 74, 69, 62, 55, 56]
1648333336.15516, [68, 63, 58, 61, 77, 69, 68, 60, 54, 55]
1648333336.188997, [85, 75, 57, 58, 63, 55, 58, 56, 51, 54]
1648333336.283457, [94, 85, 62, 57, 56, 48, 54, 54, 51, 51]
1648333336.426752, [99, 91, 65, 58, 50, 43, 49, 50, 50, 51]
1648333336.8911161, [255, 255, 255, 255, 255, 255, 255, 255, 255, 55]
