1648333323.738165, [255, 255, 255, 255, 255, 255, 255, 255, 255, 255]
1648333324.3589609, [255, 255, 255, 255, 255, 255, 255, 255, 255, 255]
1648333324.870869, [255, 255, 255, 255, 255, 255, 255, 255, 255, 255]
1648333325.383122, [255, 255, 255, 255, 255, 255, 255, 255, 255, 255]
1648333325.895145, [255, 255, 255, 255, 255, 255, 255, 255, 255, 255]
1648333326.3038888, [255, 255, 255, 54, 51, 49, 52, 52, 63, 255]
1648333326.502548, [49, 51, 49, 79, 75, 72, 78, 77, 77, 33]
1648333326.642829, [53, 55, 53, 70, 76, 77, 85, 86, 83, 46]
1648333326.7804859, [62, 59, 55, 63, 73, 75, 87, 89, 79, 55]
1648333326.915128, [66, 59, 54, 58, 71, 74, 88, 87, 73, 57]
1648333327.045281, [71, 61, 55, 54, 67, 68, 83, 78, 66, 57]
1648333327.185911, [90, 72, 60, 55, 62, 60, 70, 69, 62, 57]
1648333327.36165, [110, 96, 70, 60, 59, 55, 63, 64, 60, 57]
1648333327.5506299, [120, 107, 74, 62, 58, 52, 59, 60, 58, 56]
1648333327.7491179, [123, 112, 78, 64, 56, 49, 56, 57, 55, 55]
1648333328.352111, [255, 255, 255, 255, 255, 255, 255, 255, 255, 54]
1648333328.863971, [255, 255, 255, 255, 255, 255, 255, 255, 255, 255]
1648333329.376008, [255, 255, 255, 255, 255, 255, 255, 255, 255, 255]
