1648333282.9890501, [255, 255, 255, 255, 255, 255, 255, 255, 255, 255]
1648333283.351563, [255, 255, 255, 255, 255, 255, 255, 255, 255, 255]
1648333283.8564868, [255, 255, 255, 255, 255, 255, 255, 255, 255, 255]
1648333284.359659, [255, 255, 255, 255, 255, 255, 255, 255, 255, 255]
1648333284.910463, [255, 255, 255, 255, 255, 255, 255, 255, 255, 255]
1648333285.44662, [255, 255, 255, 255, 255, 255, 255, 91, 90, 255]
1648333285.9580858, [255, 255, 100, 87, 82, 74, 79, 85, 85, 85]
1648333285.9886148, [255, 255, 103, 87, 81, 72, 78, 82, 81, 82]
1648333286.134468, [255, 108, 95, 84, 80, 74, 84, 87, 90, 80]
1648333286.289758, [108, 101, 88, 83, 86, 80, 92, 94, 98, 86]
1648333286.434079, [105, 98, 88, 84, 93, 88, 102, 101, 105, 96]
1648333286.580378, [103, 96, 89, 85, 96, 92, 105, 105, 109, 103]
1648333286.726448, [104, 96, 88, 84, 99, 96, 107, 108, 111, 108]
1648333286.906949, [105, 96, 90, 84, 100, 95, 108, 110, 114, 109]
1648333287.017099, [104, 96, 90, 85, 100, 96, 108, 110, 114, 111]
1648333287.208331, [102, 93, 86, 83, 101, 100, 119, 120, 127, 110]
1648333288.006527, [255, 255, 255, 255, 255, 255, 255, 255, 255, 255]
1648333288.4160798, [255, 255, 255, 255, 255, 255, 255, 255, 255, 255]
