1648333267.5694048, [255, 255, 255, 255, 255, 255, 255, 255, 255, 255]
1648333268.070776, [255, 255, 255, 255, 255, 255, 255, 255, 255, 255]
1648333268.623286, [255, 255, 255, 255, 255, 255, 255, 255, 255, 255]
1648333269.065759, [255, 126, 117, 111, 115, 109, 115, 119, 114, 255]
1648333269.1271229, [93, 102, 99, 100, 122, 117, 121, 119, 111, 89]
1648333269.2326121, [79, 83, 85, 91, 122, 116, 119, 109, 100, 91]
1648333269.4618309, [72, 70, 73, 79, 112, 111, 111, 103, 92, 87]
1648333269.509801, [75, 67, 67, 70, 95, 98, 103, 95, 86, 83]
1648333269.641097, [85, 72, 66, 67, 84, 84, 91, 87, 79, 77]
1648333269.7967691, [92, 80, 68, 66, 78, 75, 82, 80, 73, 73]
1648333269.907615, [101, 87, 72, 69, 74, 70, 76, 76, 73, 73]
1648333270.1174521, [103, 88, 74, 71, 73, 69, 75, 76, 75, 77]
1648333270.1784031, [102, 89, 74, 71, 73, 68, 75, 75, 73, 80]
1648333270.3619368, [108, 97, 79, 79, 79, 81, 92, 103, 111, 80]
1648333270.8651788, [255, 255, 255, 255, 255, 255, 255, 255, 255, 255]
1648333271.437304, [255, 255, 255, 255, 255, 255, 255, 255, 255, 255]
1648333271.9696908, [255, 255, 255, 255, 255, 255, 255, 255, 255, 255]
1648333272.473412, [255, 255, 255, 255, 255, 255, 255, 255, 255, 255]
