1648333346.758903, [255, 255, 255, 255, 255, 255, 255, 255, 255, 255]
1648333346.812247, [255, 255, 255, 255, 255, 255, 255, 255, 255, 255]
1648333347.1665459, [255, 255, 255, 255, 255, 255, 255, 255, 255, 255]
1648333347.618743, [255, 255, 255, 255, 255, 255, 255, 255, 255, 255]
1648333348.212641, [255, 255, 255, 255, 255, 255, 255, 255, 255, 255]
1648333348.4623501, [255, 255, 76, 68, 62, 54, 60, 61, 61, 255]
1648333348.654277, [255, 100, 82, 75, 71, 64, 70, 70, 71, 65]
1648333348.810739, [114, 106, 84, 77, 77, 69, 74, 75, 76, 73]
1648333348.966764, [118, 108, 87, 79, 78, 72, 78, 79, 78, 78]
1648333349.26251, [115, 99, 82, 77, 80, 74, 82, 83, 81, 82]
1648333349.319872, [106, 91, 79, 77, 87, 84, 94, 92, 85, 82]
1648333349.392412, [101, 93, 86, 85, 98, 94, 104, 103, 93, 83]
1648333349.534378, [98, 94, 88, 90, 103, 98, 109, 107, 96, 87]
1648333349.6742232, [98, 94, 89, 91, 105, 101, 113, 108, 96, 88]
1648333349.848546, [97, 93, 88, 90, 108, 103, 111, 102, 93, 89]
1648333350.3410728, [255, 255, 255, 255, 255, 255, 255, 255, 255, 104]
1648333350.899671, [255, 255, 255, 255, 255, 255, 255, 255, 255, 255]
1648333351.360529, [255, 255, 255, 255, 255, 255, 255, 255, 255, 255]
