1648333355.55775, [255, 255, 255, 255, 255, 255, 255, 255, 255, 255]
1648333356.029212, [255, 255, 255, 255, 255, 255, 255, 255, 255, 255]
1648333356.600829, [255, 255, 255, 255, 255, 255, 255, 255, 255, 255]
1648333356.949737, [255, 255, 255, 114, 117, 106, 111, 103, 105, 255]
1648333357.228727, [107, 96, 80, 92, 94, 86, 90, 86, 89, 108]
1648333357.265582, [110, 96, 81, 83, 85, 76, 80, 78, 82, 95]
1648333357.3686259, [111, 94, 82, 78, 83, 74, 76, 73, 72, 91]
1648333357.5105941, [105, 91, 82, 79, 96, 86, 86, 75, 70, 79]
1648333357.656281, [100, 89, 87, 87, 107, 101, 100, 82, 71, 71]
1648333357.803349, [98, 87, 91, 91, 116, 109, 109, 92, 81, 68]
1648333358.2537332, [92, 84, 86, 105, 255, 255, 255, 255, 255, 75]
1648333359.277211, [255, 255, 255, 255, 255, 255, 255, 255, 255, 255]
1648333359.313916, [255, 255, 255, 255, 255, 255, 255, 255, 255, 255]
1648333359.790817, [255, 255, 255, 255, 255, 255, 255, 255, 255, 255]
