1648755778.314193, [255, 255, 255, 255, 255, 255, 255, 255, 255, 255]
1648755778.657609, [255, 255, 255, 255, 255, 255, 255, 255, 255, 255]
1648755778.9636638, [255, 255, 255, 255, 255, 255, 255, 255, 255, 255]
1648755779.1466591, [255, 255, 255, 255, 255, 255, 255, 255, 255, 255]
1648755779.478066, [255, 255, 255, 255, 255, 255, 255, 255, 255, 255]
1648755779.6660311, [255, 255, 255, 255, 255, 255, 255, 255, 255, 255]
1648755779.848181, [255, 190, 139, 146, 146, 170, 196, 255, 255, 255]
1648755780.021017, [125, 121, 117, 120, 144, 179, 255, 255, 255, 255]
1648755780.18116, [97, 86, 80, 84, 108, 143, 190, 194, 255, 255]
1648755780.334686, [73, 53, 42, 41, 55, 97, 162, 163, 255, 255]
1648755780.4978921, [89, 31, 19, 21, 35, 127, 154, 162, 255, 255]
1648755780.662785, [93, 32, 20, 24, 59, 168, 187, 196, 255, 255]
1648755780.834207, [57, 53, 62, 86, 154, 255, 255, 255, 255, 255]
1648755781.0202749, [114, 129, 135, 162, 255, 255, 255, 255, 255, 255]
1648755781.211936, [164, 173, 170, 180, 255, 255, 255, 255, 255, 255]
1648755782.546572, [189, 255, 169, 183, 181, 195, 199, 188, 255, 255]
1648755782.5782819, [202, 172, 138, 130, 129, 139, 148, 155, 171, 255]
1648755782.5784051, [173, 150, 123, 118, 119, 126, 130, 130, 147, 255]
1648755782.578464, [179, 148, 111, 100, 94, 93, 107, 105, 137, 255]
1648755782.578513, [183, 162, 98, 83, 66, 55, 62, 66, 96, 255]
1648755782.57856, [255, 255, 142, 118, 37, 29, 32, 37, 255, 186]
1648755782.578607, [255, 255, 255, 148, 22, 17, 25, 48, 255, 255]
1648755782.578746, [255, 255, 187, 66, 36, 33, 47, 72, 181, 255]
1648755782.724979, [255, 181, 79, 66, 66, 76, 103, 135, 255, 255]
1648755782.886092, [155, 123, 100, 102, 117, 129, 156, 182, 255, 255]
1648755783.051296, [160, 148, 125, 133, 146, 159, 171, 191, 255, 255]
1648755783.229231, [171, 164, 144, 153, 168, 197, 198, 255, 255, 255]
1648755783.4717062, [255, 255, 255, 255, 255, 255, 205, 178, 154, 255]
1648755783.619935, [255, 255, 188, 182, 132, 125, 114, 112, 109, 156]
1648755783.785253, [255, 255, 165, 179, 136, 121, 104, 96, 91, 117]
1648755783.950716, [255, 255, 163, 192, 132, 104, 80, 68, 61, 95]
1648755784.128855, [255, 255, 255, 255, 189, 177, 63, 43, 34, 66]
1648755784.3156412, [255, 255, 255, 255, 255, 255, 45, 26, 21, 35]
1648755784.496584, [255, 255, 255, 255, 187, 255, 44, 32, 30, 29]
1648755784.656151, [255, 255, 149, 183, 120, 73, 59, 54, 57, 38]
1648755784.812242, [255, 255, 127, 142, 103, 84, 86, 92, 99, 78]
1648755784.967639, [194, 190, 128, 127, 114, 117, 126, 127, 145, 128]
1648755785.1388822, [255, 255, 172, 255, 158, 171, 172, 166, 170, 168]
1648755785.337755, [255, 255, 255, 255, 255, 255, 158, 132, 120, 179]
1648755785.5156999, [255, 255, 185, 255, 160, 165, 140, 124, 109, 119]
1648755785.687372, [255, 255, 176, 190, 147, 168, 135, 112, 83, 99]
1648755785.868646, [255, 255, 186, 255, 152, 167, 140, 125, 76, 70]
1648755786.0633118, [255, 255, 255, 255, 162, 255, 160, 131, 52, 38]
1648755787.5661461, [255, 255, 255, 255, 176, 255, 154, 122, 41, 19]
1648755787.5999758, [255, 255, 159, 171, 126, 146, 126, 73, 46, 22]
1648755787.600085, [255, 255, 130, 149, 124, 136, 99, 82, 67, 41]
1648755787.6001558, [255, 255, 132, 145, 128, 122, 110, 102, 102, 71]
1648755787.6002188, [255, 255, 159, 168, 135, 135, 141, 147, 160, 111]
1648755787.600286, [255, 255, 156, 154, 140, 145, 145, 140, 150, 255]
1648755787.600346, [255, 255, 142, 136, 110, 101, 97, 94, 102, 192]
1648755787.600406, [255, 255, 127, 130, 98, 81, 79, 75, 75, 122]
1648755787.6005409, [255, 255, 130, 161, 100, 72, 57, 50, 49, 93]
1648755787.71965, [255, 255, 147, 255, 147, 77, 40, 32, 27, 69]
1648755787.903056, [255, 255, 255, 255, 255, 255, 44, 24, 18, 37]
1648755788.14176, [255, 255, 163, 255, 144, 100, 44, 36, 38, 22]
1648755788.250464, [255, 255, 125, 141, 79, 69, 67, 73, 90, 61]
1648755788.402633, [178, 195, 118, 116, 98, 99, 109, 120, 147, 135]
1648755788.567632, [190, 178, 131, 133, 141, 161, 167, 173, 255, 255]
1648755788.7417972, [255, 178, 129, 121, 127, 138, 146, 161, 255, 255]
1648755788.8976882, [160, 127, 101, 94, 95, 97, 106, 117, 142, 255]
1648755789.0451488, [175, 161, 93, 82, 66, 64, 72, 78, 104, 255]
1648755789.195554, [201, 255, 119, 100, 54, 43, 44, 48, 72, 179]
1648755789.35962, [255, 255, 140, 184, 53, 27, 29, 29, 54, 191]
1648755789.541227, [255, 255, 255, 255, 37, 20, 23, 26, 195, 255]
1648755789.716762, [255, 255, 152, 155, 37, 29, 34, 47, 139, 255]
1648755789.8757749, [255, 255, 99, 71, 51, 52, 71, 93, 156, 255]
1648755790.030703, [181, 147, 94, 87, 85, 99, 123, 160, 255, 255]
1648755790.230295, [137, 127, 119, 138, 187, 255, 255, 255, 255, 255]
1648755790.418813, [138, 128, 112, 124, 187, 255, 255, 255, 255, 255]
1648755790.594899, [91, 82, 76, 81, 118, 169, 255, 255, 255, 255]
1648755790.763267, [102, 65, 46, 44, 60, 104, 255, 255, 255, 255]
1648755790.952148, [255, 69, 24, 20, 24, 64, 255, 255, 255, 255]
1648755791.1488798, [255, 255, 16, 14, 15, 97, 255, 255, 255, 255]
1648755791.323182, [255, 53, 31, 31, 48, 94, 206, 255, 255, 255]
1648755791.492717, [97, 77, 65, 73, 105, 150, 255, 255, 255, 255]
1648755791.769043, [119, 128, 146, 255, 255, 255, 255, 255, 255, 255]
1648755791.9123259, [119, 138, 158, 255, 255, 255, 255, 255, 255, 255]
1648755792.1081758, [89, 106, 128, 176, 255, 255, 255, 255, 255, 255]
1648755792.306422, [54, 60, 77, 139, 196, 255, 255, 255, 255, 255]
1648755792.5035021, [27, 25, 28, 141, 182, 255, 255, 255, 255, 255]
1648755792.69905, [24, 23, 35, 125, 173, 255, 255, 255, 255, 255]
1648755792.905534, [54, 92, 128, 179, 255, 255, 255, 255, 255, 255]
1648755793.1985989, [255, 255, 255, 255, 255, 255, 255, 255, 255, 255]
1648755793.37776, [185, 255, 255, 255, 255, 255, 255, 255, 255, 255]
1648755793.595056, [95, 178, 139, 255, 255, 255, 255, 255, 255, 255]
1648755793.796577, [31, 57, 92, 128, 163, 255, 255, 255, 255, 255]
1648755794.007391, [27, 80, 99, 144, 255, 255, 255, 255, 255, 255]
1648755794.324254, [124, 187, 160, 255, 255, 255, 255, 255, 255, 255]
1648755794.46617, [255, 255, 255, 255, 255, 255, 255, 255, 255, 255]
1648755794.6598048, [135, 168, 154, 255, 255, 255, 255, 255, 255, 255]
1648755794.8206341, [85, 79, 75, 84, 121, 149, 167, 168, 255, 255]
1648755794.969365, [79, 54, 40, 40, 59, 91, 129, 130, 153, 255]
1648755795.1154308, [164, 189, 54, 26, 24, 19, 34, 101, 110, 191]
1648755795.27484, [255, 255, 103, 30, 19, 19, 92, 109, 126, 136]
1648755795.4330409, [158, 52, 32, 37, 72, 131, 152, 165, 255, 255]
1648755795.600325, [74, 75, 87, 112, 154, 180, 207, 255, 255, 255]
1648755795.779572, [109, 112, 112, 125, 161, 189, 255, 255, 255, 255]
1648755795.9316962, [171, 138, 109, 100, 103, 102, 109, 115, 131, 255]
1648755796.080201, [159, 145, 98, 90, 82, 78, 84, 88, 109, 174]
1648755796.224829, [162, 156, 93, 79, 64, 55, 65, 76, 106, 154]
1648755796.371066, [151, 155, 72, 54, 37, 37, 53, 81, 126, 139]
1648755796.5147562, [153, 158, 81, 47, 25, 22, 37, 106, 118, 139]
1648755796.6611378, [137, 159, 80, 20, 14, 15, 67, 112, 124, 171]
1648755796.8093839, [140, 146, 72, 31, 24, 25, 56, 100, 117, 163]
1648755796.95413, [131, 139, 65, 53, 52, 63, 89, 117, 146, 138]
1648755797.102008, [148, 133, 92, 81, 79, 86, 96, 101, 132, 171]
1648755797.274844, [255, 255, 155, 132, 98, 92, 99, 94, 110, 255]
1648755797.422245, [182, 165, 110, 110, 87, 75, 73, 72, 71, 146]
1648755797.5703309, [255, 179, 103, 114, 97, 81, 64, 48, 42, 83]
1648755797.735151, [255, 255, 117, 130, 92, 107, 99, 85, 42, 44]
1648755797.929622, [255, 255, 255, 255, 101, 116, 95, 80, 78, 19]
1648755798.104961, [255, 255, 137, 119, 91, 98, 85, 41, 26, 18]
1648755798.27132, [255, 178, 92, 110, 73, 58, 58, 65, 75, 32]
1648755798.452435, [255, 255, 183, 255, 154, 150, 112, 101, 92, 96]
1648755798.6164951, [255, 255, 135, 135, 122, 112, 105, 95, 93, 100]
1648755798.7754161, [255, 255, 125, 132, 112, 97, 87, 79, 74, 99]
1648755798.92533, [255, 184, 105, 118, 98, 76, 61, 52, 49, 80]
1648755799.0851321, [255, 255, 110, 123, 102, 72, 36, 28, 29, 59]
1648755799.240984, [255, 255, 102, 123, 91, 26, 22, 22, 41, 82]
1648755799.399158, [255, 255, 95, 111, 85, 28, 25, 23, 32, 102]
1648755799.550487, [255, 255, 98, 120, 80, 48, 45, 46, 56, 92]
1648755799.7035048, [187, 182, 104, 98, 76, 76, 98, 130, 255, 108]
1648755799.8805609, [158, 128, 102, 114, 126, 154, 186, 255, 255, 255]
1648755800.031478, [150, 123, 97, 88, 93, 96, 111, 133, 159, 255]
1648755800.173588, [134, 125, 80, 71, 66, 66, 77, 95, 133, 255]
1648755800.316036, [127, 136, 72, 56, 46, 39, 54, 71, 118, 175]
1648755800.4662762, [129, 135, 80, 75, 35, 26, 30, 40, 100, 143]
1648755800.6045032, [138, 137, 78, 88, 35, 17, 20, 32, 107, 123]
1648755800.754478, [151, 148, 77, 87, 27, 18, 24, 33, 103, 136]
1648755800.900898, [141, 144, 80, 82, 37, 26, 37, 52, 110, 133]
1648755801.0533068, [143, 163, 70, 56, 59, 77, 123, 166, 255, 143]
1648755801.2338262, [117, 101, 99, 113, 143, 255, 255, 255, 255, 255]
1648755801.4213068, [139, 135, 119, 123, 167, 255, 255, 255, 255, 255]
1648755801.588816, [84, 86, 83, 95, 140, 176, 195, 198, 255, 255]
1648755801.739666, [89, 68, 53, 54, 68, 92, 138, 147, 177, 255]
1648755801.8858502, [156, 118, 48, 36, 34, 35, 51, 87, 126, 255]
1648755802.040807, [255, 255, 114, 132, 42, 22, 27, 30, 82, 152]
1648755802.2059531, [255, 255, 110, 84, 30, 29, 69, 133, 188, 131]
1648755802.391156, [73, 49, 46, 64, 142, 255, 255, 255, 255, 255]
1648755802.7206998, [41, 52, 75, 255, 255, 255, 255, 255, 255, 255]
1648755802.789771, [33, 25, 15, 31, 140, 167, 154, 190, 255, 255]
1648755802.941057, [92, 44, 28, 29, 37, 50, 92, 122, 143, 255]
1648755803.0862348, [134, 103, 60, 55, 56, 65, 97, 126, 169, 255]
1648755803.23744, [129, 111, 86, 83, 88, 94, 110, 118, 148, 255]
1648755804.5651278, [151, 139, 110, 109, 113, 113, 123, 133, 157, 255]
1648755804.598757, [152, 131, 104, 97, 101, 103, 116, 131, 165, 255]
1648755804.5988522, [124, 101, 73, 64, 70, 81, 118, 143, 169, 255]
1648755804.598901, [120, 65, 37, 29, 40, 66, 121, 124, 255, 255]
1648755804.598942, [255, 255, 255, 21, 23, 255, 255, 255, 255, 255]
1648755804.598988, [255, 255, 83, 17, 18, 18, 88, 83, 114, 255]
1648755804.599029, [95, 108, 35, 28, 33, 41, 96, 120, 148, 255]
1648755804.599152, [109, 76, 51, 53, 76, 104, 158, 176, 255, 255]
1648755804.68996, [103, 99, 96, 101, 132, 162, 201, 255, 255, 255]
1648755804.8565812, [128, 129, 119, 127, 158, 182, 255, 255, 255, 255]
1648755805.012942, [119, 107, 100, 94, 115, 120, 145, 152, 168, 255]
1648755805.1501389, [106, 91, 56, 45, 38, 35, 52, 80, 84, 192]
1648755805.288186, [90, 92, 61, 39, 25, 23, 56, 95, 127, 95]
1648755805.477749, [157, 86, 37, 39, 111, 255, 255, 255, 255, 255]
1648755805.678132, [86, 147, 157, 255, 255, 255, 255, 255, 255, 255]
1648755805.848887, [54, 63, 85, 109, 126, 154, 179, 196, 255, 255]
1648755806.005635, [55, 47, 50, 60, 95, 114, 129, 137, 190, 255]
1648755806.1457632, [87, 61, 39, 33, 32, 30, 48, 74, 75, 255]
1648755806.277185, [76, 76, 53, 53, 32, 12, 17, 17, 60, 97]
1648755806.4301949, [68, 65, 50, 48, 17, 12, 75, 167, 255, 115]
1648755806.599531, [72, 47, 22, 22, 51, 161, 255, 255, 255, 255]
1648755806.784391, [57, 69, 116, 163, 255, 255, 255, 255, 255, 255]
1648755806.987099, [127, 178, 185, 255, 255, 255, 255, 255, 255, 255]
1648755807.2259881, [184, 255, 255, 255, 255, 255, 255, 255, 255, 255]
1648755807.3988218, [141, 157, 153, 162, 255, 255, 255, 255, 255, 255]
1648755807.556215, [87, 75, 67, 66, 87, 103, 129, 144, 184, 255]
1648755807.7046452, [87, 64, 45, 35, 41, 49, 86, 90, 99, 255]
1648755807.994959, [86, 75, 40, 36, 39, 48, 79, 104, 125, 142]
1648755808.029235, [105, 89, 73, 79, 103, 124, 176, 198, 255, 165]
1648755808.229729, [141, 146, 147, 150, 255, 255, 255, 255, 255, 255]
1648755808.5215192, [174, 169, 157, 174, 255, 255, 255, 255, 255, 255]
1648755808.6015968, [108, 101, 88, 85, 102, 111, 135, 144, 167, 255]
1648755808.7481868, [103, 82, 60, 53, 57, 61, 82, 101, 118, 255]
1648755809.0471869, [100, 99, 59, 44, 36, 29, 37, 51, 83, 144]
1648755809.107247, [88, 85, 60, 66, 58, 33, 29, 24, 32, 92]
1648755809.158463, [89, 84, 62, 61, 57, 32, 31, 36, 66, 74]
1648755809.570635, [91, 90, 65, 56, 47, 48, 70, 101, 136, 95]
1648755809.603102, [106, 92, 77, 82, 100, 120, 161, 176, 255, 191]
1648755809.635369, [132, 131, 119, 125, 137, 153, 169, 177, 255, 255]
1648755809.809838, [201, 189, 138, 138, 134, 134, 132, 124, 131, 255]
1648755810.026647, [163, 149, 113, 108, 99, 90, 93, 89, 91, 157]
1648755810.094487, [135, 119, 94, 87, 81, 74, 69, 66, 66, 108]
1648755810.2325041, [135, 117, 80, 81, 79, 74, 60, 49, 37, 77]
1648755810.553431, [150, 116, 66, 65, 60, 60, 62, 49, 29, 36]
1648755810.5876422, [168, 110, 67, 68, 66, 68, 70, 61, 45, 25]
1648755810.649698, [158, 123, 82, 83, 82, 81, 71, 68, 65, 37]
1648755810.797597, [145, 134, 106, 112, 102, 104, 106, 106, 114, 84]
1648755811.10688, [188, 177, 139, 144, 129, 129, 130, 122, 131, 128]
1648755811.140474, [187, 159, 122, 118, 110, 106, 107, 107, 117, 148]
1648755811.257571, [141, 128, 105, 99, 86, 78, 77, 74, 77, 136]
1648755811.598602, [123, 116, 83, 82, 71, 56, 50, 43, 43, 94]
1648755811.661582, [104, 90, 64, 66, 65, 51, 36, 29, 29, 68]
1648755811.694876, [97, 87, 60, 68, 66, 52, 37, 32, 34, 47]
1648755811.795639, [94, 85, 67, 72, 57, 49, 50, 59, 85, 65]
1648755811.955533, [108, 104, 81, 80, 81, 87, 114, 141, 182, 122]
1648755812.1400378, [133, 126, 121, 130, 171, 255, 255, 255, 255, 255]
1648755812.324137, [150, 145, 122, 119, 153, 179, 255, 255, 255, 255]
1648755812.647648, [108, 92, 80, 77, 88, 99, 147, 187, 255, 255]
1648755812.681976, [106, 82, 60, 56, 65, 78, 143, 195, 255, 255]
1648755812.8204129, [117, 74, 45, 38, 38, 43, 134, 255, 255, 255]
1648755813.173764, [255, 118, 27, 22, 24, 42, 255, 255, 255, 255]
1648755814.0520608, [255, 52, 27, 26, 41, 255, 255, 255, 255, 255]
1648755814.226559, [68, 68, 79, 101, 255, 255, 255, 255, 255, 255]
1648755814.2268338, [139, 176, 255, 255, 255, 255, 255, 255, 255, 255]
1648755814.227138, [127, 192, 255, 255, 255, 255, 255, 255, 255, 255]
1648755814.2590342, [255, 255, 255, 255, 255, 255, 255, 255, 255, 255]
1648755814.751418, [255, 255, 255, 255, 255, 255, 255, 255, 255, 255]
1648755814.981005, [255, 255, 255, 255, 255, 255, 255, 255, 255, 255]
