1648333219.038816, [255, 255, 255, 255, 255, 255, 255, 255, 255, 255]
1648333219.482281, [255, 255, 255, 255, 255, 255, 255, 255, 255, 255]
1648333220.1127942, [255, 255, 255, 255, 255, 255, 255, 255, 255, 255]
1648333220.541027, [255, 255, 255, 255, 255, 255, 255, 255, 255, 255]
1648333221.136724, [255, 255, 255, 255, 255, 255, 255, 255, 75, 255]
1648333221.260673, [94, 77, 56, 40, 61, 39, 49, 61, 84, 68]
1648333221.414158, [97, 75, 51, 42, 56, 45, 58, 72, 92, 84]
1648333221.562836, [108, 90, 64, 58, 67, 59, 72, 82, 97, 94]
1648333221.723257, [122, 107, 86, 81, 91, 80, 93, 100, 112, 108]
1648333221.8960168, [141, 126, 109, 108, 115, 106, 116, 120, 125, 123]
1648333222.263936, [153, 140, 123, 120, 127, 117, 255, 255, 255, 139]
1648333222.7569659, [255, 255, 255, 255, 255, 255, 255, 255, 255, 255]
1648333223.310357, [255, 255, 255, 255, 255, 255, 255, 255, 255, 255]
1648333223.903052, [255, 255, 255, 255, 255, 255, 255, 255, 255, 255]
1648333224.515892, [255, 255, 255, 255, 255, 255, 255, 255, 255, 255]
