1648755828.924351, [255, 255, 255, 255, 255, 255, 255, 255, 255, 255]
1648755829.362188, [255, 255, 255, 255, 255, 255, 255, 255, 255, 255]
1648755829.737153, [255, 255, 255, 255, 255, 255, 255, 255, 255, 255]
1648755829.968138, [255, 255, 152, 85, 49, 48, 52, 47, 56, 255]
1648755830.0884721, [255, 99, 43, 38, 42, 35, 40, 42, 62, 139]
1648755830.226332, [151, 62, 38, 34, 40, 38, 37, 45, 69, 113]
1648755830.3616939, [90, 49, 33, 35, 42, 37, 38, 36, 37, 89]
1648755830.490554, [58, 42, 32, 43, 76, 47, 40, 34, 32, 64]
1648755830.626057, [69, 92, 84, 83, 84, 51, 41, 35, 34, 47]
1648755830.7625, [99, 101, 91, 88, 93, 83, 56, 42, 37, 44]
1648755831.0108218, [80, 98, 87, 90, 76, 48, 42, 41, 44, 42]
1648755831.0432231, [45, 48, 64, 80, 56, 42, 40, 46, 54, 88]
1648755831.166687, [45, 42, 43, 56, 49, 38, 43, 52, 76, 105]
1648755831.39571, [46, 43, 38, 46, 41, 37, 49, 60, 100, 115]
1648755831.475189, [57, 42, 33, 33, 34, 34, 53, 255, 255, 131]
1648755831.771261, [255, 255, 82, 134, 119, 255, 255, 255, 255, 255]
1648755832.0570061, [50, 43, 40, 79, 165, 255, 255, 255, 255, 255]
1648755832.173429, [52, 47, 48, 66, 161, 255, 255, 255, 255, 255]
1648755832.447495, [50, 47, 45, 64, 152, 255, 255, 255, 255, 255]
1648755832.550493, [57, 45, 39, 44, 98, 195, 255, 255, 255, 255]
1648755832.742836, [51, 47, 50, 84, 129, 179, 201, 200, 255, 255]
1648755832.909657, [52, 51, 55, 81, 103, 133, 164, 173, 255, 255]
1648755833.121452, [50, 44, 41, 59, 135, 255, 255, 255, 255, 255]
1648755833.281612, [50, 46, 39, 35, 35, 36, 60, 109, 150, 255]
1648755833.4958148, [45, 41, 38, 38, 38, 34, 50, 77, 129, 171]
1648755833.563123, [47, 41, 37, 46, 38, 34, 39, 43, 77, 162]
1648755833.7048461, [44, 43, 49, 78, 55, 38, 42, 40, 40, 178]
1648755833.869162, [42, 56, 84, 89, 93, 93, 66, 50, 38, 62]
1648755833.975329, [55, 97, 90, 89, 92, 96, 65, 44, 35, 38]
1648755834.1862998, [56, 85, 90, 90, 71, 44, 41, 38, 42, 37]
1648755834.247096, [44, 43, 40, 54, 46, 36, 45, 60, 113, 87]
1648755834.3940852, [50, 43, 38, 43, 44, 38, 42, 45, 66, 165]
1648755834.545729, [255, 152, 59, 51, 43, 37, 42, 42, 37, 160]
1648755834.6980412, [255, 255, 165, 98, 43, 37, 45, 47, 39, 39]
1648755834.842199, [255, 170, 58, 40, 36, 38, 48, 43, 39, 42]
1648755834.995677, [188, 88, 37, 33, 39, 48, 69, 51, 40, 41]
1648755835.2063181, [67, 43, 33, 34, 55, 90, 105, 77, 51, 39]
1648755835.244436, [66, 43, 30, 34, 54, 89, 98, 94, 60, 42]
1648755835.4096189, [65, 41, 29, 31, 53, 83, 102, 84, 51, 44]
1648755835.593973, [108, 51, 32, 34, 36, 43, 48, 41, 41, 40]
1648755835.6444511, [138, 84, 39, 32, 37, 40, 47, 43, 39, 55]
1648755835.814604, [255, 255, 152, 190, 59, 41, 46, 49, 61, 47]
1648755836.0386078, [255, 255, 255, 255, 255, 147, 49, 42, 42, 83]
1648755836.25284, [255, 255, 156, 160, 74, 42, 40, 40, 41, 42]
1648755836.376975, [255, 255, 166, 154, 67, 32, 34, 32, 63, 40]
1648755836.647989, [255, 255, 115, 48, 30, 24, 30, 49, 80, 78]
1648755836.700453, [255, 255, 128, 48, 30, 27, 28, 41, 75, 80]
1648755836.85841, [255, 255, 112, 104, 43, 29, 33, 33, 39, 54]
1648755837.010674, [255, 255, 109, 101, 46, 34, 41, 44, 47, 40]
1648755837.306616, [255, 188, 70, 56, 55, 54, 61, 63, 73, 45]
1648755837.340749, [150, 84, 62, 60, 61, 62, 68, 73, 76, 117]
1648755837.4515069, [110, 77, 59, 58, 62, 63, 68, 67, 66, 107]
1648755837.56707, [130, 90, 62, 58, 60, 59, 69, 74, 67, 75]
1648755837.704603, [163, 113, 71, 58, 54, 56, 83, 104, 91, 61]
1648755837.8443289, [132, 81, 56, 52, 63, 74, 108, 117, 103, 74]
1648755837.9779189, [117, 78, 54, 52, 55, 55, 78, 88, 90, 80]
1648755838.123253, [255, 177, 101, 85, 60, 53, 56, 58, 63, 74]
1648755838.365505, [255, 186, 116, 106, 66, 55, 59, 60, 63, 62]
1648755838.4170492, [255, 255, 90, 65, 56, 57, 62, 66, 84, 63]
1648755838.5801091, [151, 86, 60, 57, 60, 61, 72, 85, 140, 255]
1648755838.7837598, [76, 63, 60, 61, 64, 63, 76, 88, 118, 255]
1648755838.87277, [73, 63, 60, 66, 72, 65, 66, 66, 68, 166]
1648755839.0094988, [68, 64, 70, 85, 109, 96, 89, 79, 68, 77]
1648755839.14624, [73, 68, 69, 83, 117, 113, 90, 79, 67, 66]
1648755839.403032, [79, 64, 56, 59, 76, 72, 71, 73, 76, 70]
1648755839.456165, [93, 75, 60, 57, 66, 65, 69, 74, 82, 94]
1648755839.5679271, [88, 68, 60, 62, 67, 67, 91, 145, 255, 122]
1648755839.796174, [69, 65, 61, 59, 70, 87, 141, 164, 174, 255]
1648755839.8755322, [69, 73, 65, 62, 72, 80, 104, 119, 155, 174]
1648755840.019304, [71, 80, 81, 79, 68, 62, 64, 62, 70, 176]
1648755840.153651, [73, 89, 103, 113, 100, 85, 77, 68, 62, 91]
1648755840.290695, [67, 68, 73, 93, 107, 84, 73, 65, 65, 67]
1648755840.483372, [63, 66, 76, 75, 61, 60, 92, 181, 255, 90]
1648755840.630997, [69, 69, 69, 105, 171, 255, 255, 200, 255, 255]
1648755840.8473349, [71, 68, 71, 82, 115, 138, 142, 149, 169, 255]
1648755840.955617, [75, 74, 75, 91, 121, 142, 156, 157, 182, 188]
1648755841.144958, [76, 67, 60, 64, 90, 113, 150, 152, 178, 255]
1648755841.267293, [115, 95, 68, 60, 58, 56, 74, 100, 166, 255]
1648755841.502382, [116, 91, 59, 49, 53, 66, 131, 255, 255, 255]
1648755841.605429, [80, 90, 66, 64, 74, 101, 156, 187, 255, 255]
1648755841.7546391, [63, 67, 64, 59, 69, 67, 83, 94, 111, 255]
1648755841.892263, [69, 75, 76, 68, 64, 60, 66, 72, 81, 128]
1648755842.02897, [74, 94, 100, 101, 80, 68, 65, 67, 65, 111]
1648755842.1662238, [77, 102, 104, 105, 94, 80, 72, 66, 62, 82]
1648755842.307776, [92, 125, 113, 118, 114, 83, 62, 57, 83, 64]
1648755842.545272, [116, 149, 79, 84, 77, 98, 121, 142, 255, 255]
1648755842.6302998, [84, 61, 54, 53, 61, 57, 71, 77, 91, 255]
1648755842.779205, [69, 58, 53, 59, 64, 56, 69, 71, 84, 116]
1648755842.940269, [69, 59, 57, 62, 69, 63, 62, 62, 60, 106]
1648755843.0313852, [68, 62, 73, 95, 105, 86, 76, 70, 59, 66]
1648755843.188958, [86, 112, 106, 107, 109, 107, 92, 77, 67, 63]
1648755843.308485, [81, 100, 105, 107, 92, 67, 60, 58, 66, 59]
1648755843.626, [70, 56, 54, 55, 55, 57, 73, 86, 120, 118]
1648755843.659884, [93, 68, 54, 55, 61, 59, 69, 80, 94, 154]
1648755843.722566, [78, 61, 55, 60, 65, 62, 67, 73, 83, 113]
1648755843.856479, [72, 65, 63, 73, 85, 72, 72, 69, 65, 99]
1648755843.998933, [86, 107, 111, 122, 116, 101, 87, 78, 66, 72]
1648755844.144217, [94, 121, 114, 121, 121, 121, 112, 93, 73, 63]
1648755844.3141031, [118, 154, 125, 134, 132, 131, 97, 76, 63, 61]
1648755844.44348, [192, 185, 134, 137, 127, 127, 100, 75, 60, 61]
1648755844.651005, [139, 130, 108, 107, 108, 101, 83, 67, 56, 55]
1648755844.734891, [105, 122, 108, 112, 108, 83, 69, 60, 59, 57]
1648755844.850778, [64, 60, 57, 68, 72, 64, 66, 68, 75, 74]
1648755845.040205, [79, 64, 54, 56, 63, 55, 57, 68, 94, 89]
1648755845.133993, [65, 76, 131, 150, 102, 81, 66, 60, 50, 149]
1648755845.286648, [189, 183, 135, 141, 125, 126, 99, 83, 70, 54]
1648755845.442949, [107, 124, 111, 121, 111, 86, 76, 70, 65, 67]
1648755845.694828, [69, 69, 70, 84, 85, 73, 68, 69, 70, 77]
1648755845.751107, [71, 59, 56, 60, 69, 61, 67, 67, 71, 86]
1648755845.8321311, [74, 56, 46, 51, 57, 48, 55, 63, 113, 91]
1648755845.989268, [255, 255, 138, 140, 121, 79, 56, 45, 44, 146]
1648755846.1367009, [144, 149, 118, 121, 107, 86, 74, 67, 58, 53]
1648755846.2668428, [64, 67, 69, 81, 101, 88, 77, 68, 61, 61]
1648755846.398068, [78, 59, 45, 49, 64, 60, 62, 68, 74, 66]
1648755846.532214, [82, 55, 46, 49, 56, 55, 62, 67, 84, 94]
1648755846.772618, [47, 56, 93, 72, 48, 45, 60, 75, 116, 110]
1648755846.828043, [255, 194, 133, 134, 112, 78, 65, 59, 50, 139]
1648755847.006547, [114, 130, 107, 110, 109, 87, 74, 64, 53, 55]
1648755847.133643, [59, 57, 63, 75, 101, 83, 70, 59, 54, 59]
1648755847.233582, [73, 60, 53, 54, 66, 66, 69, 62, 56, 61]
1648755847.3840692, [133, 91, 66, 57, 59, 59, 63, 63, 62, 57]
1648755847.503455, [149, 89, 62, 58, 56, 54, 58, 57, 58, 68]
1648755847.791771, [132, 64, 47, 62, 114, 69, 53, 47, 49, 71]
1648755847.825783, [64, 93, 128, 166, 141, 109, 74, 62, 54, 60]
1648755847.924876, [54, 57, 61, 75, 108, 79, 65, 57, 53, 60]
1648755848.055037, [57, 48, 48, 60, 82, 62, 58, 56, 61, 59]
1648755848.1908638, [60, 50, 49, 59, 66, 55, 62, 75, 106, 96]
1648755848.3364449, [55, 53, 49, 49, 50, 54, 70, 93, 175, 151]
1648755848.5109582, [52, 55, 76, 57, 41, 43, 60, 115, 255, 255]
1648755848.842696, [255, 255, 255, 255, 165, 71, 44, 38, 33, 255]
1648755848.900715, [35, 38, 47, 85, 108, 76, 47, 38, 37, 41]
1648755848.976862, [47, 32, 26, 25, 53, 41, 38, 37, 43, 44]
1648755849.127987, [68, 35, 26, 26, 45, 32, 32, 32, 38, 75]
1648755850.562984, [36, 29, 20, 111, 114, 107, 50, 18, 15, 80]
1648755850.597803, [104, 255, 134, 146, 115, 119, 111, 98, 36, 16]
1648755850.597997, [24, 28, 31, 41, 63, 92, 94, 50, 28, 23]
1648755850.5981371, [84, 31, 19, 21, 34, 47, 37, 36, 36, 29]
1648755850.5982661, [156, 34, 23, 20, 33, 34, 35, 34, 37, 52]
1648755850.59839, [63, 31, 24, 25, 49, 30, 31, 34, 37, 60]
1648755850.59851, [38, 42, 48, 179, 139, 45, 31, 31, 40, 58]
1648755850.598627, [59, 64, 84, 255, 149, 134, 59, 40, 34, 99]
1648755850.5987442, [103, 179, 112, 115, 110, 102, 70, 51, 39, 38]
1648755850.599127, [49, 40, 30, 36, 57, 44, 45, 51, 64, 46]
1648755850.661938, [59, 40, 31, 34, 44, 36, 40, 42, 49, 85]
1648755850.772952, [37, 46, 92, 164, 138, 136, 73, 42, 28, 80]
1648755850.936766, [255, 255, 145, 148, 129, 124, 90, 66, 52, 34]
1648755851.074052, [64, 73, 78, 100, 111, 99, 72, 59, 48, 50]
1648755851.197336, [63, 46, 36, 36, 52, 49, 52, 55, 66, 53]
1648755851.3310568, [79, 52, 38, 42, 52, 46, 49, 52, 64, 85]
1648755851.4942138, [92, 60, 48, 50, 53, 48, 58, 68, 97, 91]
1648755851.600658, [68, 54, 48, 49, 51, 59, 68, 79, 92, 119]
1648755851.7321558, [56, 60, 63, 58, 55, 53, 66, 72, 89, 106]
1648755851.98528, [75, 102, 105, 102, 80, 62, 59, 58, 57, 107]
1648755852.017855, [93, 130, 116, 122, 77, 46, 58, 93, 129, 63]
1648755852.1526809, [59, 56, 50, 55, 73, 100, 120, 117, 121, 138]
1648755852.3806279, [61, 58, 58, 58, 63, 64, 76, 81, 92, 124]
1648755852.422464, [68, 85, 92, 78, 66, 59, 69, 76, 85, 106]
1648755852.566668, [116, 136, 118, 122, 96, 66, 55, 55, 71, 107]
1648755852.709195, [101, 69, 40, 52, 69, 89, 118, 119, 119, 113]
1648755852.848852, [66, 60, 62, 67, 82, 92, 105, 105, 109, 121]
1648755854.0884879, [66, 55, 55, 58, 77, 92, 110, 109, 108, 114]
1648755854.126741, [93, 68, 53, 43, 45, 42, 61, 75, 96, 121]
1648755854.12691, [100, 107, 46, 25, 31, 40, 70, 94, 106, 106]
1648755854.1270132, [70, 31, 30, 44, 81, 102, 112, 111, 113, 112]
1648755854.127103, [49, 44, 36, 41, 56, 57, 70, 84, 98, 120]
1648755854.12719, [110, 117, 79, 64, 48, 38, 41, 43, 46, 110]
1648755854.127275, [132, 130, 107, 114, 110, 115, 62, 32, 27, 59]
1648755854.127651, [255, 255, 139, 112, 150, 255, 183, 157, 168, 182]
1648755854.161888, [43, 40, 35, 37, 36, 33, 43, 56, 79, 172]
1648755854.2646, [42, 39, 34, 63, 91, 76, 56, 44, 37, 95]
1648755854.478187, [41, 33, 27, 108, 109, 112, 112, 112, 107, 36]
1648755854.5496142, [46, 188, 132, 137, 91, 33, 40, 50, 92, 45]
1648755854.682795, [56, 43, 35, 39, 48, 44, 47, 52, 62, 126]
1648755854.816323, [76, 50, 39, 39, 52, 51, 47, 42, 37, 89]
1648755855.133483, [116, 59, 39, 37, 41, 42, 62, 97, 110, 41]
1648755855.1706371, [255, 255, 32, 29, 56, 255, 202, 184, 154, 112]
1648755855.27546, [47, 51, 61, 127, 69, 31, 41, 42, 53, 36]
1648755855.4277, [80, 49, 34, 35, 48, 50, 48, 44, 40, 68]
1648755855.55794, [255, 255, 57, 42, 36, 32, 41, 79, 111, 45]
1648755855.714419, [255, 64, 38, 37, 59, 165, 156, 144, 122, 104]
1648755855.849945, [72, 49, 34, 37, 42, 54, 69, 50, 42, 42]
1648755856.007007, [255, 255, 66, 49, 41, 41, 53, 59, 48, 53]
1648755856.1761239, [255, 255, 56, 43, 39, 36, 52, 67, 102, 46]
1648755856.337149, [255, 255, 52, 33, 35, 49, 118, 176, 67, 119]
1648755856.5740008, [255, 255, 179, 108, 70, 62, 65, 67, 69, 53]
1648755856.65394, [255, 125, 69, 59, 60, 63, 74, 78, 72, 78]
1648755858.675634, [189, 91, 61, 59, 71, 95, 138, 144, 139, 67]
1648755858.710264, [76, 69, 78, 131, 167, 180, 106, 73, 69, 117]
1648755858.710433, [93, 77, 70, 69, 75, 73, 83, 84, 92, 91]
1648755858.7105322, [132, 96, 73, 72, 74, 77, 85, 88, 84, 107]
1648755858.71063, [106, 89, 76, 80, 103, 124, 139, 121, 102, 85]
1648755858.7107189, [110, 122, 141, 164, 110, 93, 94, 109, 136, 88]
1648755858.7108061, [117, 109, 102, 101, 105, 112, 123, 131, 140, 166]
1648755858.710894, [97, 100, 95, 94, 99, 94, 101, 100, 99, 157]
1648755858.711037, [109, 121, 116, 127, 135, 144, 134, 144, 172, 105]
1648755858.711126, [255, 255, 255, 255, 255, 255, 255, 255, 255, 186]
1648755858.711217, [255, 255, 255, 255, 255, 255, 255, 255, 255, 255]
1648755859.0697322, [255, 255, 255, 255, 255, 255, 255, 255, 255, 255]
1648755859.552075, [255, 255, 255, 255, 255, 255, 255, 255, 255, 255]
1648755859.8767638, [255, 255, 255, 255, 255, 255, 255, 255, 255, 255]
