1647314854.6705642, [255, 255, 255, 255, 255, 255, 255, 255, 255, 255]
1647314855.1823812, [255, 255, 255, 255, 255, 255, 255, 255, 255, 255]
1647314855.591873, [255, 255, 255, 138, 131, 92, 82, 73, 75, 255]
1647314855.796577, [151, 138, 117, 129, 130, 108, 104, 103, 104, 79]
1647314855.933266, [152, 138, 123, 125, 128, 116, 118, 117, 119, 108]
1647314856.138488, [151, 138, 127, 124, 128, 120, 124, 126, 128, 124]
1647314856.32923, [150, 138, 131, 120, 128, 121, 129, 127, 133, 133]
1647314856.5282612, [150, 139, 129, 120, 125, 122, 128, 129, 133, 135]
1647314856.726228, [151, 137, 128, 119, 121, 116, 124, 122, 128, 134]
1647314856.924601, [153, 135, 126, 116, 118, 111, 118, 117, 122, 131]
1647314857.125667, [153, 133, 123, 109, 111, 103, 111, 110, 114, 127]
1647314857.317237, [154, 129, 115, 102, 105, 97, 104, 103, 108, 121]
1647314857.521704, [153, 128, 110, 98, 97, 90, 96, 96, 101, 117]
1647314857.731308, [157, 129, 104, 95, 90, 82, 86, 87, 92, 110]
1647314857.974097, [255, 138, 104, 89, 82, 74, 78, 79, 83, 100]
1647314858.194104, [255, 145, 110, 86, 75, 68, 70, 69, 75, 91]
1647314858.45914, [255, 154, 121, 83, 69, 61, 60, 58, 64, 83]
1647314858.766331, [255, 255, 255, 102, 65, 54, 53, 49, 53, 74]
1647314859.073458, [255, 255, 255, 255, 66, 47, 45, 40, 42, 62]
1647314859.3807712, [255, 255, 255, 255, 104, 42, 38, 32, 33, 50]
1647314859.790284, [255, 255, 255, 255, 255, 41, 29, 25, 25, 38]
1647314860.097496, [255, 255, 255, 255, 255, 45, 25, 20, 20, 28]
1647314860.404767, [255, 255, 255, 255, 255, 47, 21, 17, 16, 23]
1647314861.019, [255, 255, 255, 255, 255, 255, 255, 255, 255, 19]
1647314861.531161, [255, 255, 255, 255, 255, 255, 255, 255, 255, 255]
1647314862.042698, [255, 255, 255, 255, 255, 255, 255, 255, 255, 255]
1647314862.65625, [255, 255, 255, 255, 255, 255, 255, 255, 255, 255]
1647314863.169525, [255, 255, 255, 255, 255, 255, 255, 255, 255, 255]
1647314863.696001, [255, 255, 255, 255, 255, 255, 255, 255, 255, 255]
1647314864.253251, [255, 255, 255, 255, 255, 255, 255, 255, 255, 255]
1647314864.8073988, [255, 255, 255, 255, 255, 255, 255, 255, 255, 255]
