1648333194.5967622, [255, 255, 255, 255, 255, 255, 255, 255, 255, 255]
1648333194.990059, [255, 255, 255, 255, 255, 53, 56, 51, 48, 47]
1648333195.748201, [255, 255, 255, 255, 255, 78, 83, 81, 78, 47]
1648333195.8026502, [255, 255, 255, 255, 255, 105, 114, 111, 109, 75]
1648333196.173491, [255, 255, 255, 255, 255, 122, 132, 134, 133, 106]
1648333196.6948118, [255, 255, 255, 255, 108, 133, 144, 142, 142, 128]
1648333197.1682858, [255, 255, 255, 255, 255, 255, 255, 255, 255, 255]
1648333197.79109, [255, 255, 255, 255, 255, 255, 255, 255, 255, 255]
1648333198.305131, [255, 255, 255, 255, 255, 255, 255, 255, 255, 255]
1648333198.816431, [255, 255, 255, 255, 255, 255, 255, 255, 255, 255]
