1647314826.6092842, [255, 255, 255, 255, 255, 255, 255, 255, 255, 255]
1647314827.22635, [255, 255, 255, 255, 255, 255, 255, 255, 255, 255]
1647314827.738137, [255, 255, 255, 255, 255, 255, 255, 255, 255, 255]
1647314828.300787, [255, 255, 255, 255, 255, 255, 255, 255, 255, 255]
1647314828.863821, [255, 255, 255, 255, 255, 255, 255, 255, 255, 255]
1647314829.377194, [255, 255, 255, 255, 255, 255, 255, 255, 255, 255]
1647314829.9889438, [255, 255, 255, 255, 255, 255, 255, 255, 255, 255]
1647314830.5033689, [255, 255, 255, 255, 255, 255, 255, 255, 255, 255]
1647314831.015458, [99, 119, 255, 255, 255, 255, 255, 255, 255, 255]
1647314831.425083, [93, 106, 81, 88, 255, 255, 255, 255, 255, 255]
1647314831.7145758, [86, 91, 79, 83, 118, 106, 255, 255, 255, 255]
1647314832.039399, [83, 81, 72, 74, 101, 99, 113, 255, 255, 255]
1647314833.621032, [83, 77, 67, 68, 88, 88, 111, 116, 255, 255]
1647314833.6527538, [85, 74, 65, 64, 80, 82, 100, 109, 124, 255]
1647314833.66899, [96, 78, 66, 63, 73, 74, 87, 94, 111, 255]
1647314833.669121, [111, 85, 68, 64, 69, 69, 80, 86, 101, 120]
1647314833.669182, [127, 92, 73, 66, 68, 65, 72, 78, 91, 129]
1647314833.6692328, [255, 119, 94, 77, 70, 64, 70, 71, 80, 112]
1647314833.6693828, [255, 255, 255, 114, 79, 68, 69, 67, 70, 93]
1647314833.949238, [255, 255, 255, 255, 87, 70, 70, 65, 65, 79]
1647314834.370722, [255, 255, 255, 255, 255, 86, 75, 68, 64, 70]
1647314834.804297, [255, 255, 255, 255, 255, 255, 255, 101, 72, 64]
1647314835.270978, [255, 255, 255, 255, 255, 255, 255, 255, 255, 64]
1647314835.930642, [255, 255, 255, 255, 255, 255, 255, 255, 255, 255]
1647314836.442633, [255, 255, 255, 255, 255, 255, 255, 255, 255, 255]
1647314836.9477131, [255, 255, 255, 255, 255, 255, 255, 255, 255, 255]
