1648333165.036932, [255, 255, 255, 255, 255, 255, 255, 255, 255, 255]
1648333165.643272, [255, 255, 255, 255, 255, 255, 255, 255, 255, 255]
1648333165.814029, [255, 255, 255, 255, 98, 92, 95, 119, 126, 255]
1648333165.9802828, [152, 137, 88, 59, 82, 82, 96, 108, 109, 141]
1648333166.120251, [148, 130, 72, 45, 58, 59, 80, 99, 97, 117]
1648333166.257335, [136, 113, 63, 43, 51, 52, 74, 94, 97, 97]
1648333166.395927, [140, 112, 69, 53, 58, 59, 76, 91, 99, 97]
1648333166.548755, [165, 135, 94, 82, 81, 78, 91, 99, 108, 106]
1648333166.726342, [255, 255, 127, 113, 105, 99, 111, 129, 255, 113]
1648333167.0164301, [255, 255, 255, 255, 255, 255, 255, 255, 255, 255]
1648333167.591373, [255, 255, 255, 255, 255, 255, 255, 255, 255, 255]
1648333168.110059, [255, 255, 255, 255, 255, 255, 255, 255, 255, 255]
1648333168.595975, [255, 255, 255, 255, 255, 255, 255, 255, 255, 255]
