1648334550.691743, [255, 255, 255, 255, 255, 255, 255, 255, 255, 255]
1648334550.881234, [255, 255, 255, 255, 255, 255, 255, 255, 255, 255]
1648334551.027478, [255, 255, 255, 255, 255, 255, 255, 255, 255, 255]
1648334551.57961, [255, 255, 255, 255, 255, 255, 255, 255, 255, 255]
1648334551.952672, [134, 165, 115, 115, 121, 128, 149, 137, 140, 255]
1648334552.156529, [80, 95, 96, 101, 112, 116, 135, 129, 140, 142]
1648334552.326921, [56, 66, 84, 92, 107, 109, 127, 127, 143, 143]
1648334552.512668, [49, 58, 82, 93, 110, 111, 131, 131, 148, 147]
1648334552.6923578, [51, 60, 83, 96, 115, 117, 133, 136, 151, 155]
1648334552.978592, [59, 66, 82, 95, 121, 122, 138, 141, 157, 158]
1648334554.306974, [73, 77, 89, 100, 128, 130, 149, 152, 167, 161]
1648334554.41801, [97, 96, 105, 112, 135, 136, 160, 161, 177, 170]
1648334554.41825, [119, 114, 118, 123, 146, 145, 165, 169, 183, 180]
1648334554.418355, [135, 130, 134, 255, 255, 255, 255, 255, 255, 186]
1648334554.4664729, [255, 255, 255, 255, 255, 255, 255, 255, 255, 255]
1648334555.075158, [255, 255, 255, 255, 255, 255, 255, 255, 255, 255]
1648334555.4696808, [255, 255, 255, 255, 255, 255, 255, 255, 255, 255]
1648334556.122902, [255, 255, 255, 255, 255, 255, 255, 255, 255, 255]
1648334556.570347, [255, 255, 255, 255, 255, 255, 255, 255, 255, 255]
