1647314904.130612, [255, 255, 255, 255, 255, 255, 255, 255, 255, 255]
1647314904.643927, [255, 255, 255, 255, 255, 255, 255, 255, 255, 255]
1647314905.133358, [255, 152, 255, 255, 255, 255, 255, 255, 255, 255]
1647314905.68517, [124, 162, 255, 255, 255, 255, 255, 255, 255, 255]
1647314906.178283, [100, 131, 116, 255, 255, 255, 255, 136, 255, 255]
1647314906.485456, [86, 102, 93, 86, 98, 105, 141, 159, 152, 146]
1647314906.6403148, [85, 89, 82, 78, 90, 96, 121, 135, 151, 156]
1647314906.814663, [91, 87, 79, 75, 86, 89, 107, 116, 132, 154]
1647314906.984837, [99, 89, 81, 76, 83, 85, 99, 105, 118, 144]
1647314907.156076, [109, 98, 87, 79, 87, 85, 94, 100, 107, 129]
1647314907.364332, [128, 110, 99, 88, 92, 86, 94, 97, 100, 119]
1647314907.7205381, [255, 125, 126, 107, 103, 93, 98, 99, 98, 108]
1647314908.0212731, [255, 255, 255, 255, 133, 104, 111, 105, 103, 102]
1647314908.533382, [255, 255, 255, 255, 255, 255, 147, 143, 122, 103]
1647314909.045377, [255, 255, 255, 255, 255, 255, 255, 255, 255, 113]
1647314909.542291, [255, 255, 255, 255, 255, 255, 255, 255, 255, 255]
1647314910.1719308, [255, 255, 255, 255, 255, 255, 255, 255, 255, 255]
1647314910.644317, [255, 255, 255, 255, 255, 255, 255, 255, 255, 255]
1647314911.225065, [255, 255, 255, 255, 255, 255, 255, 255, 255, 255]
