1647313991.6636422, [255, 255, 255, 255, 255, 255, 255, 255, 255, 255]
1647313992.246739, [255, 255, 255, 255, 255, 255, 255, 255, 255, 255]
1647313992.785974, [255, 255, 255, 255, 255, 255, 255, 255, 255, 255]
1647313993.3391979, [255, 255, 255, 255, 255, 255, 255, 255, 255, 255]
1647313993.75936, [255, 255, 255, 255, 255, 255, 113, 89, 87, 118]
1647313994.059464, [255, 255, 255, 255, 79, 83, 88, 75, 74, 88]
1647313994.295748, [255, 255, 89, 66, 72, 69, 75, 72, 79, 79]
1647313994.53393, [125, 77, 77, 61, 66, 65, 81, 104, 255, 126]
1647313994.9076219, [99, 71, 67, 60, 75, 95, 255, 255, 255, 255]
1647313995.318851, [85, 77, 87, 255, 255, 255, 255, 255, 255, 255]
1647313995.7937338, [255, 255, 255, 255, 255, 255, 255, 255, 255, 255]
1647313996.33989, [255, 255, 255, 255, 255, 255, 255, 255, 255, 255]
1647313996.9013062, [255, 255, 255, 255, 255, 255, 255, 255, 255, 255]
1647313997.46024, [255, 255, 255, 255, 255, 255, 255, 255, 255, 255]
