1650239723.283287, [255, 255, 255, 255, 255, 255, 255, 255, 255, 255]
1650239723.790087, [255, 255, 255, 255, 255, 255, 255, 255, 255, 255]
1650239724.108684, [255, 255, 255, 255, 255, 255, 255, 255, 255, 255]
1650239724.6211011, [255, 255, 255, 255, 255, 255, 255, 255, 255, 255]
1650239724.828659, [255, 255, 255, 255, 255, 255, 255, 255, 255, 255]
1650239725.132682, [255, 255, 255, 255, 255, 255, 255, 255, 255, 255]
1650239725.360435, [255, 255, 255, 255, 255, 255, 255, 255, 255, 255]
1650239725.58341, [255, 255, 255, 255, 173, 145, 114, 101, 92, 255]
1650239725.726217, [86, 81, 78, 81, 108, 109, 101, 95, 87, 95]
1650239725.863777, [82, 71, 69, 76, 99, 102, 100, 91, 86, 88]
1650239726.012769, [79, 71, 66, 74, 94, 100, 104, 93, 83, 89]
1650239726.138828, [81, 69, 66, 70, 90, 97, 103, 94, 82, 83]
1650239726.273686, [80, 69, 67, 68, 88, 98, 99, 90, 85, 85]
1650239726.412815, [77, 69, 67, 71, 93, 96, 99, 88, 84, 86]
1650239726.547264, [82, 69, 66, 72, 91, 96, 100, 90, 82, 87]
1650239726.684624, [81, 70, 68, 72, 90, 101, 97, 93, 81, 86]
1650239726.821208, [80, 69, 66, 72, 94, 97, 101, 90, 86, 88]
1650239726.959232, [82, 69, 67, 69, 92, 95, 96, 89, 82, 88]
1650239727.098356, [80, 71, 69, 74, 93, 95, 94, 88, 81, 88]
1650239727.23391, [80, 68, 66, 72, 96, 96, 96, 88, 82, 89]
1650239727.3729799, [81, 68, 66, 75, 95, 98, 96, 89, 85, 88]
1650239727.507164, [79, 68, 66, 73, 92, 96, 97, 88, 86, 89]
1650239727.6452951, [82, 71, 69, 76, 96, 97, 98, 88, 84, 91]
1650239727.78262, [82, 70, 70, 74, 96, 98, 95, 89, 84, 88]
1650239727.9242408, [80, 72, 71, 75, 94, 95, 100, 90, 85, 91]
1650239728.05935, [82, 72, 71, 76, 97, 98, 98, 90, 82, 88]
1650239728.19715, [81, 72, 71, 75, 94, 98, 99, 90, 85, 90]
1650239728.3371, [81, 72, 69, 72, 93, 95, 99, 88, 86, 88]
1650239728.476523, [82, 71, 66, 75, 95, 96, 100, 90, 86, 89]
1650239728.610877, [82, 72, 67, 74, 92, 97, 101, 91, 84, 91]
1650239728.748922, [82, 68, 70, 74, 93, 93, 95, 91, 82, 88]
1650239728.893281, [82, 71, 70, 72, 93, 94, 99, 91, 84, 89]
1650239729.026575, [82, 72, 70, 75, 92, 95, 97, 90, 83, 87]
1650239729.16451, [81, 71, 68, 72, 93, 96, 99, 89, 85, 86]
1650239729.301038, [83, 73, 66, 73, 94, 96, 101, 92, 85, 89]
1650239729.440634, [83, 72, 69, 73, 93, 94, 97, 92, 86, 89]
1650239729.577604, [83, 70, 68, 73, 93, 96, 99, 91, 85, 89]
1650239729.715141, [80, 72, 68, 73, 94, 95, 96, 89, 83, 92]
1650239729.853873, [81, 71, 72, 73, 94, 93, 96, 91, 81, 89]
1650239729.9912362, [83, 71, 70, 74, 92, 92, 96, 91, 84, 91]
1650239731.379051, [83, 71, 68, 74, 97, 97, 99, 90, 88, 90]
1650239731.397106, [79, 72, 71, 72, 95, 96, 99, 91, 85, 88]
1650239731.397151, [81, 74, 70, 73, 93, 97, 97, 91, 83, 90]
1650239731.397173, [83, 71, 68, 74, 92, 96, 100, 91, 85, 87]
1650239731.397193, [84, 69, 68, 72, 93, 98, 99, 92, 87, 90]
1650239731.3972108, [82, 72, 69, 73, 94, 92, 98, 92, 87, 88]
1650239731.397229, [83, 72, 67, 73, 93, 97, 98, 91, 88, 89]
1650239731.397246, [82, 71, 68, 74, 95, 96, 99, 94, 84, 88]
1650239731.39729, [81, 72, 67, 71, 97, 97, 98, 90, 84, 91]
1650239731.397381, [85, 71, 70, 75, 93, 95, 97, 90, 86, 89]
1650239731.51047, [81, 71, 70, 74, 93, 95, 99, 90, 87, 90]
1650239731.648544, [83, 71, 68, 75, 94, 95, 97, 92, 85, 89]
1650239731.785942, [83, 72, 69, 74, 94, 96, 97, 90, 85, 90]
1650239731.9230778, [84, 72, 69, 73, 95, 94, 98, 94, 86, 90]
1650239732.064548, [82, 73, 71, 75, 91, 94, 99, 89, 86, 90]
1650239732.19952, [81, 75, 70, 74, 93, 94, 97, 90, 86, 91]
1650239732.338855, [82, 72, 71, 74, 93, 93, 100, 90, 88, 87]
1650239732.4746938, [82, 72, 70, 74, 93, 95, 99, 92, 87, 89]
1650239732.614381, [82, 72, 67, 73, 94, 95, 98, 94, 85, 89]
1650239732.750619, [81, 72, 68, 75, 94, 96, 102, 92, 86, 90]
1650239732.938772, [82, 80, 93, 122, 147, 255, 255, 255, 255, 88]
1650239733.2141812, [255, 255, 255, 255, 255, 255, 255, 255, 255, 255]
1650239733.5296, [255, 255, 255, 255, 255, 255, 255, 255, 255, 255]
1650239733.8366919, [255, 255, 255, 255, 255, 255, 255, 255, 255, 255]
1650239734.0146282, [255, 255, 255, 255, 255, 255, 255, 255, 255, 255]
1650239734.294817, [255, 255, 255, 255, 255, 255, 255, 255, 255, 255]
1650239734.513978, [255, 255, 255, 255, 255, 255, 255, 255, 255, 255]
1650239734.742581, [255, 255, 255, 255, 255, 255, 255, 255, 255, 255]
