1650239746.409303, [255, 255, 255, 255, 255, 255, 255, 255, 255, 255]
1650239746.4413261, [255, 255, 255, 255, 255, 255, 255, 255, 255, 255]
1650239746.4413729, [255, 255, 255, 255, 255, 255, 255, 255, 255, 255]
1650239746.4414, [255, 255, 255, 255, 255, 255, 255, 255, 255, 255]
1650239746.934614, [255, 255, 255, 255, 255, 255, 255, 255, 255, 255]
1650239747.1665332, [255, 255, 255, 255, 255, 255, 255, 255, 255, 255]
1650239747.515069, [255, 255, 255, 255, 255, 255, 255, 255, 255, 255]
1650239747.98155, [255, 255, 255, 255, 255, 255, 255, 255, 255, 255]
1650239748.1917949, [255, 255, 255, 255, 255, 255, 255, 255, 255, 255]
1650239748.5381389, [255, 255, 255, 255, 255, 255, 255, 255, 255, 255]
1650239749.096878, [255, 255, 255, 255, 255, 255, 255, 255, 255, 255]
1650239749.218962, [255, 255, 255, 255, 255, 255, 255, 255, 255, 255]
1650239749.5544908, [255, 255, 255, 255, 255, 255, 255, 255, 255, 255]
1650239749.9111922, [255, 255, 255, 255, 255, 255, 255, 255, 255, 255]
1650239750.15873, [255, 255, 255, 255, 255, 255, 255, 255, 255, 255]
1650239750.602986, [255, 255, 255, 255, 255, 255, 255, 255, 255, 255]
1650239750.769654, [255, 255, 255, 255, 255, 255, 255, 255, 153, 255]
1650239750.922863, [54, 43, 36, 38, 66, 147, 255, 98, 35, 44]
1650239751.127167, [39, 34, 29, 36, 151, 255, 193, 44, 24, 27]
1650239751.236459, [36, 34, 26, 35, 102, 255, 255, 50, 23, 23]
1650239751.3871732, [37, 34, 26, 35, 95, 255, 205, 43, 24, 25]
1650239751.651832, [38, 33, 25, 33, 89, 255, 193, 43, 27, 22]
1650239751.690625, [37, 34, 28, 30, 71, 191, 255, 56, 27, 22]
1650239751.8435159, [39, 34, 27, 28, 58, 161, 255, 56, 24, 24]
1650239752.000383, [41, 33, 25, 29, 52, 144, 255, 59, 26, 22]
1650239752.1777651, [40, 33, 26, 27, 49, 125, 255, 61, 28, 24]
1650239752.282346, [40, 33, 29, 28, 49, 118, 255, 68, 30, 23]
1650239752.435122, [42, 34, 27, 27, 50, 123, 255, 66, 29, 22]
1650239752.8319979, [42, 34, 27, 27, 51, 112, 255, 68, 27, 25]
1650239752.832132, [41, 36, 27, 27, 50, 108, 255, 74, 33, 24]
1650239752.8697898, [42, 36, 27, 27, 48, 106, 255, 75, 31, 26]
1650239753.3563478, [43, 34, 25, 30, 49, 109, 255, 62, 32, 26]
1650239753.3772821, [41, 34, 29, 27, 53, 129, 255, 57, 27, 24]
1650239753.377346, [41, 34, 26, 28, 54, 137, 205, 51, 28, 25]
1650239753.4538188, [40, 35, 26, 31, 55, 143, 198, 48, 26, 24]
1650239753.879811, [42, 34, 28, 31, 55, 151, 186, 48, 28, 23]
1650239753.897967, [42, 35, 27, 29, 53, 147, 194, 48, 27, 24]
1650239753.898017, [40, 34, 29, 30, 56, 138, 199, 50, 28, 22]
1650239754.211274, [40, 34, 28, 30, 52, 139, 201, 50, 27, 25]
1650239754.230505, [42, 33, 28, 29, 52, 129, 206, 51, 27, 27]
1650239754.3265631, [44, 36, 29, 30, 49, 135, 203, 52, 28, 24]
1650239754.4861498, [41, 35, 26, 28, 54, 133, 206, 52, 28, 24]
1650239754.7355719, [40, 34, 29, 30, 53, 128, 200, 48, 28, 25]
1650239754.762723, [42, 35, 28, 28, 52, 131, 207, 50, 28, 23]
1650239754.911028, [42, 32, 26, 28, 50, 107, 255, 69, 27, 25]
1650239755.322597, [46, 35, 28, 25, 47, 89, 255, 79, 30, 24]
1650239755.343746, [47, 35, 27, 25, 42, 67, 206, 99, 31, 24]
1650239755.3620648, [52, 34, 26, 26, 39, 67, 255, 115, 32, 22]
1650239755.500196, [50, 35, 26, 26, 38, 62, 198, 133, 34, 23]
1650239755.6429188, [57, 36, 26, 26, 41, 58, 178, 151, 35, 23]
1650239755.845907, [59, 36, 26, 27, 39, 51, 169, 180, 36, 23]
1650239755.941748, [68, 38, 28, 28, 37, 50, 168, 177, 38, 25]
1650239756.114485, [63, 37, 29, 29, 37, 57, 203, 88, 27, 24]
1650239756.369751, [44, 35, 30, 27, 56, 156, 142, 38, 24, 24]
1650239756.393344, [40, 34, 27, 31, 65, 178, 78, 31, 26, 22]
1650239756.53708, [36, 31, 25, 30, 82, 193, 58, 27, 23, 21]
1650239756.678244, [37, 31, 25, 32, 102, 195, 50, 26, 22, 21]
1650239756.894252, [37, 34, 26, 33, 125, 192, 45, 27, 23, 19]
1650239756.9649842, [34, 36, 27, 35, 161, 166, 38, 27, 24, 20]
1650239757.1117692, [37, 31, 27, 40, 178, 158, 37, 26, 25, 20]
1650239757.26159, [35, 34, 27, 39, 195, 149, 38, 27, 25, 18]
1650239757.4187992, [35, 33, 29, 42, 255, 130, 36, 25, 24, 21]
1650239757.552093, [35, 31, 30, 43, 255, 129, 36, 28, 26, 20]
1650239757.69586, [37, 34, 29, 43, 192, 128, 34, 28, 25, 23]
1650239757.943983, [36, 32, 27, 42, 255, 127, 33, 28, 26, 22]
1650239757.986588, [35, 35, 28, 42, 255, 121, 35, 28, 24, 21]
1650239758.131686, [35, 35, 28, 42, 255, 103, 33, 27, 23, 20]
1650239758.2790332, [35, 33, 32, 46, 255, 84, 31, 26, 25, 20]
1650239758.467259, [33, 34, 30, 46, 255, 73, 28, 28, 26, 20]
1650239758.5667892, [37, 33, 28, 52, 255, 60, 29, 27, 25, 20]
1650239758.708022, [33, 31, 32, 53, 255, 51, 27, 27, 21, 20]
1650239758.9915679, [35, 33, 30, 57, 255, 45, 28, 28, 23, 20]
1650239759.01175, [35, 31, 32, 58, 255, 43, 29, 27, 23, 19]
1650239759.141642, [34, 32, 31, 57, 255, 38, 27, 28, 22, 19]
1650239759.2846, [34, 33, 33, 57, 255, 36, 27, 27, 22, 20]
1650239759.5156422, [34, 32, 30, 61, 255, 34, 26, 27, 22, 20]
1650239759.5677729, [33, 32, 30, 61, 255, 37, 24, 26, 23, 19]
1650239759.713247, [33, 31, 34, 59, 255, 35, 27, 28, 24, 19]
1650239759.8535511, [35, 32, 32, 60, 255, 39, 28, 24, 22, 20]
1650239760.0391839, [35, 31, 31, 55, 255, 45, 29, 25, 22, 19]
1650239760.14165, [35, 31, 28, 44, 255, 61, 29, 27, 24, 19]
1650239760.285884, [34, 32, 26, 43, 255, 74, 29, 23, 24, 20]
1650239760.5632908, [34, 31, 28, 40, 193, 94, 29, 26, 24, 19]
1650239760.582536, [35, 33, 28, 39, 189, 96, 31, 28, 25, 19]
1650239760.714795, [35, 32, 26, 37, 174, 115, 32, 27, 27, 19]
1650239760.859262, [35, 31, 29, 36, 151, 126, 35, 27, 24, 21]
1650239761.0882828, [37, 34, 27, 34, 132, 137, 36, 28, 24, 19]
1650239761.145065, [37, 31, 27, 32, 118, 155, 37, 27, 25, 22]
1650239761.285716, [36, 31, 25, 33, 121, 152, 37, 29, 22, 20]
1650239761.430121, [37, 32, 26, 32, 109, 152, 40, 28, 24, 20]
1650239761.6129549, [37, 31, 24, 29, 79, 172, 43, 26, 23, 19]
1650239761.708056, [35, 32, 26, 29, 71, 175, 46, 28, 26, 20]
1650239761.8502688, [35, 35, 24, 31, 63, 169, 50, 28, 24, 22]
1650239762.137307, [39, 32, 26, 27, 55, 155, 61, 31, 23, 20]
1650239762.1571589, [40, 32, 28, 26, 45, 96, 110, 34, 24, 22]
1650239762.2678442, [43, 32, 28, 28, 44, 98, 109, 33, 22, 22]
1650239762.405222, [42, 32, 27, 24, 43, 93, 115, 31, 23, 22]
1650239762.661574, [44, 32, 23, 26, 44, 110, 96, 33, 23, 21]
1650239762.68541, [40, 34, 25, 26, 51, 139, 64, 30, 26, 22]
1650239762.82244, [37, 34, 27, 29, 63, 168, 45, 29, 25, 22]
1650239762.970688, [36, 33, 26, 31, 90, 163, 39, 28, 24, 19]
1650239763.185792, [37, 32, 26, 38, 152, 125, 34, 24, 25, 20]
1650239763.246418, [35, 33, 31, 38, 191, 87, 29, 26, 25, 22]
1650239763.389579, [35, 31, 29, 46, 255, 54, 28, 25, 21, 19]
1650239763.5298848, [35, 32, 33, 59, 255, 45, 28, 28, 25, 20]
1650239763.710359, [34, 33, 34, 60, 255, 39, 28, 28, 22, 19]
1650239763.810576, [36, 33, 32, 65, 255, 39, 28, 27, 22, 19]
1650239763.957634, [36, 35, 35, 70, 255, 39, 28, 28, 23, 20]
1650239764.234582, [34, 33, 36, 67, 255, 41, 28, 27, 24, 19]
1650239764.252828, [35, 33, 33, 68, 255, 38, 27, 25, 23, 19]
1650239764.379592, [34, 34, 32, 67, 255, 39, 25, 27, 21, 19]
1650239764.554178, [35, 33, 33, 49, 164, 148, 255, 255, 255, 19]
1650239764.8363788, [255, 255, 255, 255, 255, 255, 255, 255, 255, 255]
1650239765.1090891, [255, 255, 255, 255, 255, 255, 255, 255, 255, 255]
1650239765.393076, [255, 255, 255, 255, 255, 255, 255, 255, 255, 255]
1650239765.887093, [255, 255, 255, 255, 255, 255, 255, 255, 255, 255]
