1650239796.333636, [255, 255, 255, 255, 255, 255, 255, 255, 255, 255]
1650239796.810209, [255, 255, 255, 255, 255, 255, 255, 255, 255, 255]
1650239798.346223, [255, 255, 255, 255, 255, 255, 255, 255, 255, 255]
1650239798.363559, [255, 255, 255, 255, 255, 255, 255, 255, 255, 255]
1650239798.3635972, [255, 255, 255, 255, 255, 255, 255, 255, 255, 255]
1650239798.3636181, [255, 255, 163, 155, 180, 160, 134, 123, 111, 255]
1650239798.363637, [123, 126, 118, 122, 138, 144, 147, 135, 118, 98]
1650239798.3636549, [117, 120, 116, 120, 140, 141, 153, 146, 128, 101]
1650239798.3636742, [123, 123, 115, 123, 138, 144, 153, 146, 132, 114]
1650239798.4036648, [125, 128, 123, 126, 144, 143, 154, 149, 138, 119]
1650239798.55968, [128, 124, 121, 126, 138, 143, 152, 145, 131, 118]
1650239798.837149, [124, 120, 119, 124, 143, 141, 149, 142, 130, 113]
1650239798.866938, [123, 119, 122, 124, 144, 140, 150, 147, 127, 111]
1650239799.017857, [124, 122, 123, 123, 143, 143, 152, 146, 128, 111]
1650239799.171146, [124, 122, 121, 125, 141, 141, 152, 144, 132, 112]
1650239799.3629608, [129, 123, 124, 124, 141, 143, 149, 146, 132, 117]
1650239799.4780412, [131, 124, 121, 127, 142, 139, 149, 146, 132, 119]
1650239799.633961, [128, 122, 121, 127, 140, 140, 151, 147, 134, 113]
1650239799.8855271, [130, 123, 120, 126, 140, 140, 151, 147, 133, 117]
1650239799.939914, [125, 121, 121, 123, 139, 141, 151, 147, 138, 120]
1650239800.102132, [127, 123, 118, 119, 132, 133, 149, 145, 144, 126]
1650239800.253518, [126, 124, 119, 119, 132, 132, 146, 146, 145, 136]
1650239800.414921, [128, 122, 115, 114, 128, 128, 140, 141, 139, 139]
1650239800.580234, [132, 125, 117, 116, 128, 127, 139, 144, 141, 140]
1650239800.741945, [132, 124, 118, 114, 127, 128, 141, 142, 145, 142]
1650239800.934488, [131, 120, 116, 117, 133, 136, 148, 149, 141, 138]
1650239801.0489779, [128, 122, 119, 123, 136, 138, 151, 147, 139, 123]
1650239801.199851, [124, 124, 121, 121, 144, 141, 152, 144, 125, 119]
1650239801.458379, [123, 123, 119, 126, 143, 143, 146, 137, 120, 110]
1650239801.504875, [129, 128, 123, 129, 148, 145, 140, 130, 116, 105]
1650239801.656224, [131, 131, 125, 132, 150, 139, 131, 119, 108, 103]
1650239801.922841, [130, 133, 126, 133, 150, 137, 128, 117, 109, 105]
1650239801.960587, [128, 135, 132, 132, 152, 133, 126, 114, 103, 104]
1650239806.3252711, [128, 133, 135, 130, 151, 132, 124, 118, 109, 104]
1650239806.355305, [130, 137, 134, 137, 151, 135, 125, 114, 108, 106]
1650239806.355353, [130, 135, 131, 133, 150, 134, 124, 116, 109, 103]
1650239806.355377, [128, 132, 130, 133, 148, 137, 121, 115, 109, 105]
1650239806.3553972, [130, 136, 133, 136, 152, 136, 123, 116, 106, 103]
1650239806.355416, [129, 136, 131, 135, 151, 131, 126, 116, 107, 108]
1650239806.355434, [129, 133, 133, 135, 153, 132, 122, 115, 105, 106]
1650239806.3554518, [131, 133, 131, 135, 149, 134, 121, 114, 108, 106]
1650239806.3554702, [131, 132, 134, 132, 145, 130, 123, 114, 109, 105]
1650239806.35549, [129, 132, 133, 133, 149, 133, 123, 117, 107, 104]
1650239806.355507, [130, 136, 131, 133, 148, 133, 123, 116, 105, 103]
1650239806.355526, [129, 136, 132, 132, 150, 134, 124, 115, 109, 108]
1650239806.355544, [130, 134, 131, 135, 149, 132, 124, 114, 108, 105]
1650239806.355561, [127, 135, 132, 133, 147, 131, 121, 116, 108, 106]
1650239806.355587, [132, 134, 134, 134, 150, 130, 123, 113, 104, 103]
1650239806.355636, [129, 137, 136, 138, 142, 133, 120, 114, 107, 110]
1650239806.355663, [129, 137, 133, 136, 145, 129, 122, 114, 108, 105]
1650239806.355686, [132, 136, 134, 132, 149, 132, 122, 115, 108, 106]
1650239806.377764, [129, 136, 135, 133, 149, 134, 125, 117, 110, 105]
1650239806.3778188, [133, 136, 132, 135, 148, 133, 126, 116, 108, 108]
1650239806.377841, [130, 136, 136, 136, 149, 128, 122, 116, 109, 108]
1650239806.377861, [131, 135, 132, 136, 152, 128, 123, 115, 109, 105]
1650239806.377878, [132, 135, 134, 135, 145, 131, 119, 115, 108, 106]
1650239806.378593, [130, 137, 135, 135, 149, 129, 123, 115, 106, 107]
1650239806.378628, [130, 135, 132, 135, 143, 131, 119, 114, 107, 107]
1650239806.378648, [131, 136, 134, 135, 147, 130, 119, 112, 108, 107]
1650239806.378666, [135, 136, 135, 136, 146, 128, 122, 114, 110, 109]
1650239806.378732, [131, 138, 136, 136, 144, 127, 120, 115, 109, 109]
1650239806.398355, [132, 138, 135, 140, 148, 132, 120, 115, 109, 106]
1650239806.641483, [130, 135, 130, 137, 143, 130, 124, 113, 108, 108]
1650239806.694449, [131, 138, 134, 137, 142, 128, 117, 114, 102, 110]
1650239806.840897, [134, 139, 133, 137, 144, 129, 117, 114, 103, 108]
1650239806.990432, [128, 136, 138, 135, 144, 128, 120, 110, 107, 104]
1650239807.16416, [133, 137, 135, 136, 150, 128, 123, 114, 106, 108]
1650239807.292216, [127, 133, 135, 132, 148, 129, 123, 116, 105, 108]
1650239807.447693, [133, 133, 134, 135, 147, 130, 125, 113, 105, 104]
1650239807.59628, [130, 135, 130, 137, 149, 136, 125, 116, 106, 103]
1650239807.750577, [129, 134, 133, 133, 150, 132, 123, 115, 109, 108]
1650239807.9021492, [130, 134, 133, 131, 150, 133, 121, 114, 110, 104]
1650239808.2146518, [131, 135, 131, 133, 149, 133, 126, 115, 107, 105]
1650239808.233361, [129, 132, 133, 134, 152, 134, 127, 114, 106, 108]
1650239808.362348, [128, 135, 132, 134, 144, 129, 124, 117, 105, 106]
1650239808.514314, [132, 133, 132, 131, 150, 131, 124, 116, 109, 108]
1650239808.6614861, [130, 133, 134, 135, 150, 133, 121, 116, 108, 106]
1650239808.818419, [132, 134, 129, 132, 147, 129, 128, 115, 108, 108]
1650239808.970071, [130, 134, 131, 131, 150, 131, 129, 120, 107, 107]
1650239809.262742, [130, 135, 128, 130, 148, 134, 130, 119, 109, 104]
1650239810.311184, [129, 131, 132, 132, 148, 135, 127, 122, 109, 107]
1650239810.332424, [128, 134, 135, 132, 149, 137, 131, 120, 108, 104]
1650239810.332475, [128, 133, 131, 133, 152, 133, 127, 117, 133, 104]
1650239810.3324978, [255, 255, 255, 255, 255, 255, 255, 255, 255, 255]
1650239810.332576, [255, 255, 255, 255, 255, 255, 255, 255, 255, 255]
1650239810.349806, [255, 255, 255, 255, 255, 255, 255, 255, 255, 255]
1650239810.590028, [255, 255, 255, 255, 255, 255, 255, 255, 255, 255]
1650239810.8646212, [255, 255, 255, 255, 255, 255, 255, 255, 255, 255]
1650239811.0816991, [255, 255, 255, 255, 255, 255, 255, 255, 255, 255]
1650239811.357749, [255, 255, 255, 255, 255, 255, 255, 255, 255, 255]
