1650239817.320825, [255, 255, 255, 255, 255, 255, 255, 255, 255, 255]
1650239817.843648, [255, 255, 255, 255, 255, 255, 255, 255, 255, 255]
1650239818.367669, [255, 255, 255, 255, 255, 255, 255, 255, 255, 255]
1650239818.430909, [255, 255, 255, 255, 255, 255, 255, 255, 255, 255]
1650239818.8919811, [255, 255, 255, 255, 255, 255, 255, 255, 255, 255]
1650239819.4168499, [255, 255, 255, 255, 255, 255, 255, 255, 255, 255]
1650239819.43796, [255, 255, 255, 255, 255, 255, 255, 255, 255, 255]
1650239819.9413161, [255, 255, 255, 255, 255, 255, 255, 255, 255, 255]
1650239820.46469, [255, 255, 255, 255, 255, 255, 255, 255, 255, 255]
1650239820.482867, [255, 255, 255, 255, 255, 255, 255, 255, 255, 255]
1650239820.5499232, [185, 179, 153, 150, 153, 138, 131, 129, 119, 255]
1650239820.98903, [139, 146, 137, 140, 154, 142, 137, 131, 121, 117]
1650239821.006679, [140, 148, 137, 140, 154, 143, 143, 136, 124, 115]
1650239821.036727, [142, 145, 142, 139, 150, 146, 143, 135, 125, 118]
1650239821.321671, [142, 141, 137, 134, 152, 145, 141, 135, 123, 123]
1650239821.3423738, [143, 141, 137, 138, 155, 144, 143, 137, 125, 118]
1650239821.491308, [140, 143, 142, 138, 152, 144, 142, 133, 125, 117]
1650239821.650369, [138, 144, 139, 142, 153, 144, 141, 134, 125, 117]
1650239821.851348, [140, 145, 139, 137, 149, 139, 142, 131, 120, 120]
1650239821.959615, [141, 143, 136, 136, 150, 143, 138, 133, 116, 117]
1650239822.1284952, [140, 142, 137, 134, 153, 142, 136, 127, 117, 118]
1650239822.371968, [136, 133, 134, 134, 149, 136, 136, 124, 115, 114]
1650239822.4234, [132, 136, 133, 130, 144, 140, 130, 126, 114, 108]
1650239822.577514, [130, 131, 128, 130, 145, 137, 130, 124, 111, 105]
1650239822.8946528, [130, 131, 125, 128, 145, 139, 133, 122, 114, 104]
1650239822.9116979, [128, 132, 126, 124, 148, 139, 132, 122, 112, 104]
1650239823.0366652, [132, 132, 124, 124, 141, 133, 131, 119, 107, 106]
1650239823.1877298, [124, 131, 123, 125, 142, 136, 128, 120, 105, 103]
1650239823.6102772, [123, 130, 123, 123, 141, 135, 127, 116, 102, 101]
1650239823.6274939, [125, 127, 120, 121, 145, 131, 127, 114, 98, 100]
1650239823.650762, [123, 125, 119, 119, 141, 133, 121, 113, 98, 97]
1650239824.135715, [116, 119, 113, 115, 136, 128, 124, 108, 99, 94]
1650239824.153482, [116, 117, 114, 115, 140, 132, 122, 111, 93, 90]
1650239824.1535518, [112, 114, 112, 113, 135, 131, 120, 106, 92, 90]
1650239824.243618, [110, 109, 108, 112, 136, 127, 120, 102, 89, 86]
1650239824.6587431, [109, 111, 108, 109, 134, 124, 116, 104, 87, 86]
1650239824.6588402, [108, 108, 106, 105, 133, 126, 116, 101, 86, 84]
1650239824.679708, [102, 103, 100, 102, 131, 126, 112, 96, 85, 84]
1650239824.8321972, [99, 97, 100, 99, 129, 127, 112, 94, 84, 80]
1650239825.204167, [97, 98, 96, 99, 128, 127, 110, 92, 78, 78]
1650239825.2042298, [93, 94, 96, 98, 126, 122, 106, 86, 74, 74]
1650239825.268723, [90, 89, 93, 90, 130, 124, 100, 86, 75, 73]
1650239825.515813, [88, 89, 88, 89, 130, 125, 100, 78, 70, 69]
1650239825.5665002, [85, 85, 84, 88, 131, 125, 98, 81, 68, 66]
1650239825.7037902, [83, 85, 85, 91, 131, 125, 96, 81, 67, 64]
1650239825.8474681, [84, 86, 82, 86, 131, 117, 91, 76, 65, 63]
1650239826.040237, [80, 84, 81, 88, 130, 119, 89, 76, 63, 61]
1650239826.137218, [79, 80, 78, 84, 130, 117, 85, 70, 63, 63]
1650239826.276682, [77, 80, 76, 84, 135, 119, 84, 70, 62, 61]
1650239826.564468, [79, 75, 76, 83, 129, 116, 80, 64, 60, 57]
1650239826.5814662, [73, 72, 74, 77, 135, 116, 79, 66, 56, 57]
1650239826.705319, [70, 73, 73, 80, 133, 116, 77, 66, 54, 54]
1650239826.8436139, [68, 69, 69, 79, 137, 115, 72, 60, 54, 53]
1650239827.086866, [66, 67, 65, 77, 142, 114, 72, 58, 52, 51]
1650239827.149466, [66, 68, 68, 76, 150, 113, 73, 57, 51, 49]
1650239827.3124669, [64, 65, 64, 76, 155, 107, 64, 53, 47, 48]
1650239827.612424, [61, 60, 64, 74, 152, 110, 67, 52, 48, 44]
1650239827.6323252, [60, 61, 62, 72, 154, 112, 63, 51, 45, 46]
1650239827.710196, [60, 60, 60, 71, 154, 112, 65, 54, 48, 45]
1650239827.854298, [61, 60, 64, 72, 146, 117, 69, 55, 49, 45]
1650239828.137152, [65, 64, 63, 73, 140, 122, 75, 59, 50, 47]
1650239828.15554, [65, 64, 64, 75, 133, 126, 78, 65, 54, 48]
1650239828.281568, [69, 70, 69, 77, 126, 124, 84, 69, 56, 52]
1650239828.4235342, [71, 72, 74, 79, 125, 126, 85, 73, 60, 56]
1650239828.660198, [75, 73, 75, 80, 128, 123, 93, 75, 64, 57]
1650239828.708698, [77, 77, 79, 85, 125, 123, 96, 79, 66, 59]
1650239828.852412, [80, 81, 81, 88, 127, 121, 97, 83, 68, 64]
1650239829.003349, [85, 86, 84, 89, 130, 122, 98, 81, 73, 67]
1650239829.18544, [85, 89, 88, 89, 127, 123, 102, 86, 76, 66]
1650239829.287462, [91, 92, 93, 92, 127, 118, 106, 87, 77, 71]
1650239829.43203, [94, 93, 95, 97, 125, 122, 107, 92, 79, 75]
1650239829.710352, [96, 100, 98, 101, 124, 124, 112, 95, 83, 77]
1650239829.7290938, [102, 103, 102, 100, 127, 125, 116, 100, 85, 80]
1650239829.868941, [103, 106, 104, 107, 129, 125, 118, 101, 86, 84]
1650239830.0173628, [107, 106, 106, 106, 133, 127, 120, 104, 89, 81]
1650239830.2343109, [109, 109, 107, 108, 133, 128, 122, 106, 94, 86]
1650239830.312005, [112, 111, 111, 112, 132, 128, 122, 112, 97, 89]
1650239830.4656022, [115, 116, 109, 117, 130, 128, 126, 111, 100, 87]
1650239830.7578938, [116, 113, 113, 114, 134, 128, 123, 112, 99, 94]
1650239830.7752042, [118, 116, 116, 116, 137, 133, 129, 115, 103, 93]
1650239830.9175549, [121, 122, 117, 121, 142, 133, 129, 119, 104, 97]
1650239831.070849, [123, 124, 119, 124, 137, 135, 130, 121, 106, 98]
1650239831.283136, [127, 128, 119, 125, 143, 137, 133, 125, 107, 100]
1650239831.378164, [127, 129, 123, 126, 140, 135, 135, 125, 113, 101]
1650239831.532354, [131, 130, 125, 123, 143, 139, 135, 125, 114, 105]
1650239832.0013819, [131, 132, 128, 131, 148, 143, 137, 129, 118, 105]
1650239832.0014899, [133, 133, 128, 125, 148, 139, 138, 129, 116, 105]
1650239832.020938, [132, 136, 124, 127, 144, 139, 140, 131, 115, 108]
1650239832.168311, [134, 138, 130, 130, 149, 141, 142, 134, 122, 110]
1650239832.5228548, [139, 138, 134, 137, 153, 142, 141, 134, 124, 111]
1650239832.538047, [140, 138, 135, 133, 149, 142, 143, 139, 120, 114]
1650239833.049609, [143, 143, 138, 135, 152, 143, 143, 139, 125, 118]
1650239833.04966, [136, 139, 136, 134, 151, 142, 143, 138, 119, 116]
1650239833.04974, [139, 139, 133, 134, 149, 141, 140, 136, 124, 115]
1650239833.110132, [137, 140, 137, 136, 150, 143, 139, 135, 124, 113]
1650239833.379297, [142, 135, 137, 134, 151, 141, 138, 135, 119, 111]
1650239833.425345, [136, 138, 133, 134, 153, 139, 142, 132, 122, 112]
1650239833.5814898, [139, 140, 131, 135, 148, 141, 138, 132, 121, 113]
1650239833.904476, [136, 136, 131, 134, 145, 138, 137, 126, 115, 111]
1650239833.922812, [134, 135, 130, 131, 142, 137, 136, 127, 112, 106]
1650239834.049818, [132, 132, 128, 129, 140, 138, 130, 127, 111, 104]
1650239834.203917, [129, 129, 126, 126, 142, 134, 130, 126, 108, 104]
1650239834.428668, [130, 132, 121, 123, 140, 136, 131, 124, 111, 100]
1650239834.506515, [127, 132, 126, 125, 141, 132, 131, 124, 109, 102]
1650239834.658231, [126, 127, 124, 124, 143, 137, 129, 122, 111, 106]
1650239834.9520042, [128, 128, 123, 128, 138, 134, 133, 125, 110, 103]
1650239834.970504, [127, 126, 121, 123, 140, 136, 132, 121, 108, 105]
1650239835.521046, [255, 255, 255, 255, 255, 255, 255, 255, 255, 127]
1650239835.551845, [255, 255, 255, 255, 255, 255, 255, 255, 255, 255]
1650239836.0523689, [255, 255, 255, 255, 255, 255, 255, 255, 255, 255]
