1650243186.622022, [255, 255, 255, 255, 255, 161, 174, 172, 170, 255]
1650243186.649535, [197, 182, 177, 174, 179, 171, 179, 181, 179, 169]
1650243186.649575, [255, 188, 255, 189, 255, 184, 192, 200, 194, 183]
1650243186.6496, [255, 255, 255, 255, 255, 195, 255, 255, 255, 255]
1650243186.649621, [255, 255, 255, 255, 255, 186, 201, 202, 255, 255]
1650243186.649642, [255, 255, 255, 255, 255, 188, 201, 195, 198, 255]
1650243186.7006972, [255, 255, 255, 255, 255, 186, 197, 199, 197, 255]
1650243186.938833, [255, 255, 255, 255, 255, 186, 199, 199, 196, 255]
1650243187.169981, [255, 255, 255, 255, 255, 187, 198, 195, 197, 255]
1650243187.401433, [255, 255, 255, 255, 255, 181, 200, 202, 197, 192]
1650243187.6374788, [255, 255, 255, 255, 255, 193, 205, 255, 255, 255]
1650243187.878417, [255, 255, 255, 255, 255, 193, 207, 255, 255, 255]
1650243188.141647, [255, 255, 255, 255, 255, 195, 255, 255, 255, 255]
1650243188.421281, [255, 255, 255, 255, 255, 189, 255, 255, 255, 255]
1650243188.7026079, [255, 255, 255, 255, 255, 191, 255, 255, 255, 255]
1650243188.913611, [255, 194, 162, 151, 153, 151, 153, 149, 147, 255]
1650243189.0643232, [147, 138, 124, 119, 113, 112, 117, 113, 119, 160]
1650243189.214438, [128, 130, 117, 109, 97, 88, 97, 99, 104, 125]
1650243189.363115, [117, 122, 101, 84, 82, 73, 77, 79, 82, 119]
1650243189.5003, [98, 116, 100, 80, 72, 67, 67, 68, 70, 92]
1650243189.640641, [90, 111, 110, 77, 64, 57, 58, 59, 59, 79]
1650243189.783169, [78, 110, 116, 69, 56, 47, 52, 48, 49, 66]
1650243189.939299, [67, 103, 146, 67, 47, 36, 42, 44, 36, 58]
1650243190.0968819, [55, 81, 161, 82, 43, 36, 40, 39, 35, 46]
1650243190.232529, [54, 71, 155, 79, 45, 34, 39, 39, 37, 43]
1650243190.385186, [52, 73, 151, 77, 43, 33, 39, 37, 35, 42]
1650243190.571792, [52, 71, 92, 49, 60, 186, 255, 255, 255, 42]
1650243191.64703, [255, 255, 255, 255, 255, 255, 255, 255, 255, 255]
1650243191.662613, [255, 255, 255, 255, 255, 196, 255, 255, 255, 255]
1650243191.662656, [255, 255, 255, 255, 255, 190, 255, 255, 255, 255]
1650243191.662722, [255, 255, 255, 255, 255, 194, 255, 255, 255, 255]
1650243191.7692869, [255, 255, 255, 255, 255, 190, 205, 255, 255, 255]
1650243191.992142, [255, 255, 255, 255, 255, 189, 255, 255, 255, 255]
1650243192.211819, [255, 255, 255, 255, 255, 184, 198, 255, 196, 255]
1650243192.420448, [255, 193, 255, 190, 197, 179, 188, 190, 191, 255]
1650243192.633176, [202, 185, 192, 183, 190, 169, 185, 185, 190, 188]
1650243192.852465, [255, 193, 191, 183, 188, 174, 189, 187, 187, 189]
1650243193.08095, [255, 191, 190, 185, 191, 176, 187, 187, 186, 192]
