1651610331.783485, [126, 121, 116, 121, 123, 114, 116, 116, 115, 118]
1651610331.925716, [128, 117, 114, 119, 124, 114, 115, 116, 116, 118]
1651610332.0636868, [129, 119, 114, 121, 124, 113, 118, 113, 116, 121]
1651610332.203574, [126, 121, 117, 121, 124, 115, 119, 114, 117, 120]
1651610332.345239, [128, 119, 119, 120, 125, 114, 120, 117, 115, 119]
1651610332.4840488, [126, 119, 114, 121, 124, 111, 118, 114, 115, 120]
1651610332.6221461, [126, 119, 117, 120, 124, 113, 119, 117, 117, 120]
1651610332.764588, [124, 123, 116, 118, 123, 112, 117, 116, 115, 122]
1651610332.904902, [128, 119, 115, 120, 123, 112, 117, 115, 115, 122]
1651610333.043467, [126, 122, 116, 119, 124, 111, 116, 116, 115, 122]
1651610333.185277, [125, 123, 117, 117, 121, 114, 117, 116, 116, 119]
1651610333.322995, [127, 118, 117, 118, 124, 115, 118, 114, 115, 122]
1651610333.4640572, [124, 120, 116, 115, 119, 112, 117, 116, 117, 121]
1651610333.6042829, [126, 118, 113, 118, 122, 111, 117, 112, 115, 121]
1651610333.744779, [127, 120, 115, 120, 122, 112, 116, 113, 119, 119]
1651610333.883465, [126, 118, 117, 120, 121, 112, 120, 118, 116, 121]
1651610334.0238452, [127, 118, 116, 121, 122, 112, 120, 115, 119, 123]
1651610334.164683, [126, 122, 116, 120, 122, 117, 118, 117, 119, 123]
1651610334.3028102, [127, 121, 117, 122, 123, 116, 119, 115, 117, 120]
1651610334.443029, [128, 119, 117, 120, 124, 116, 118, 117, 118, 121]
1651610334.5854862, [130, 119, 117, 122, 123, 116, 118, 116, 118, 121]
1651610334.7220721, [129, 121, 116, 122, 124, 115, 116, 115, 119, 119]
1651610334.862164, [128, 121, 119, 123, 122, 114, 117, 116, 119, 122]
1651610335.005281, [128, 122, 118, 122, 121, 111, 118, 114, 117, 121]
1651610335.142605, [126, 120, 116, 120, 124, 112, 118, 117, 116, 125]
1651610335.283424, [127, 120, 119, 121, 122, 112, 118, 116, 117, 121]
1651610335.425676, [126, 121, 115, 123, 121, 113, 120, 116, 118, 121]
1651610335.564229, [128, 118, 117, 118, 124, 113, 116, 119, 116, 124]
