1651610259.900774, [105, 110, 110, 108, 97, 85, 95, 94, 100, 110]
1651610260.040863, [107, 111, 109, 106, 96, 86, 96, 97, 103, 114]
1651610260.176024, [106, 113, 110, 105, 96, 87, 95, 96, 100, 116]
1651610260.313131, [108, 111, 109, 106, 97, 86, 98, 100, 103, 111]
1651610260.450499, [108, 111, 108, 107, 99, 86, 97, 98, 102, 112]
1651610260.588328, [110, 111, 109, 105, 96, 84, 98, 100, 102, 112]
1651610260.724824, [107, 110, 110, 106, 98, 85, 96, 100, 101, 112]
1651610260.860693, [110, 112, 109, 105, 95, 84, 94, 95, 103, 114]
1651610260.996263, [107, 111, 109, 104, 95, 84, 96, 98, 100, 113]
1651610261.131527, [107, 110, 109, 105, 92, 86, 96, 97, 99, 112]
1651610261.308844, [107, 110, 109, 104, 96, 84, 94, 97, 100, 114]
1651610261.45982, [107, 112, 107, 103, 93, 84, 94, 98, 102, 116]
1651610261.535676, [108, 114, 110, 102, 94, 84, 98, 99, 101, 113]
1651610261.669868, [109, 111, 108, 102, 94, 87, 95, 98, 103, 117]
1651610261.808604, [110, 114, 108, 105, 96, 84, 97, 98, 107, 113]
1651610261.9413881, [109, 115, 110, 105, 94, 84, 98, 98, 102, 116]
1651610262.0802639, [110, 111, 111, 104, 99, 88, 95, 100, 102, 115]
1651610262.216254, [112, 114, 110, 105, 94, 85, 97, 98, 103, 116]
1651610262.351768, [108, 113, 110, 107, 97, 88, 100, 100, 103, 114]
1651610262.4913511, [107, 110, 111, 106, 96, 85, 97, 97, 104, 115]
1651610262.626457, [110, 110, 110, 104, 94, 86, 96, 97, 106, 116]
1651610262.762748, [110, 113, 107, 105, 98, 85, 97, 100, 103, 117]
1651610262.8966541, [111, 111, 109, 104, 92, 85, 97, 100, 102, 118]
1651610263.032504, [108, 113, 106, 103, 95, 87, 96, 99, 101, 115]
1651610263.168753, [106, 113, 109, 105, 93, 86, 95, 98, 105, 112]
1651610263.3030589, [110, 112, 107, 102, 94, 86, 99, 101, 104, 118]
1651610263.439199, [108, 114, 108, 102, 93, 86, 98, 100, 103, 116]
1651610263.572447, [108, 113, 109, 101, 96, 85, 97, 98, 102, 116]
1651610263.7098188, [106, 113, 107, 101, 97, 87, 100, 100, 104, 118]
1651610263.846901, [106, 113, 106, 102, 96, 85, 98, 101, 104, 119]
