1649862598.198316, [181, 174, 181, 175, 255, 255, 255, 255, 255, 255]
1649862598.364486, [181, 175, 181, 180, 196, 255, 255, 255, 255, 255]
1649862598.513561, [181, 175, 183, 176, 196, 255, 205, 255, 255, 255]
1649862598.667222, [179, 173, 177, 174, 189, 255, 198, 199, 255, 255]
1649862598.819808, [172, 171, 174, 169, 189, 255, 200, 199, 255, 255]
1649862598.9744399, [175, 167, 170, 167, 185, 194, 194, 197, 255, 255]
1649862599.124344, [173, 164, 172, 165, 185, 255, 196, 197, 255, 255]
1649862599.280303, [177, 170, 175, 172, 189, 255, 200, 200, 255, 255]
1649862599.427683, [164, 141, 116, 107, 124, 141, 136, 118, 108, 255]
1649862599.5600379, [153, 117, 87, 67, 56, 53, 54, 58, 66, 93]
1649862599.694384, [127, 109, 102, 84, 57, 45, 44, 42, 48, 78]
1649862599.830996, [138, 118, 110, 102, 65, 44, 42, 39, 43, 61]
1649862599.96342, [134, 115, 105, 94, 54, 39, 40, 41, 49, 54]
1649862600.099632, [136, 120, 86, 67, 54, 43, 45, 44, 49, 66]
1649862600.2296882, [144, 128, 112, 107, 82, 64, 61, 53, 48, 57]
1649862600.373596, [152, 130, 125, 114, 116, 118, 125, 133, 155, 45]
1649862600.532593, [152, 178, 177, 187, 255, 255, 255, 255, 255, 177]
1649862600.694325, [187, 182, 191, 182, 255, 255, 255, 255, 255, 255]
1649862600.9553611, [182, 176, 182, 180, 255, 255, 255, 255, 255, 255]
1649862601.03558, [186, 179, 189, 182, 255, 255, 255, 255, 255, 255]
1649862601.44319, [185, 179, 255, 183, 255, 255, 255, 255, 255, 255]
1649862601.4492302, [183, 177, 189, 185, 255, 255, 255, 255, 255, 255]
1649862601.5225239, [184, 178, 187, 185, 255, 255, 255, 255, 255, 255]
