1649862634.082171, [179, 179, 182, 179, 190, 191, 196, 199, 255, 255]
1649862634.206771, [182, 174, 180, 176, 195, 194, 200, 200, 255, 255]
1649862634.354818, [183, 180, 179, 177, 192, 194, 201, 255, 255, 255]
1649862634.5104582, [184, 175, 182, 176, 195, 194, 206, 201, 255, 255]
1649862634.661509, [184, 180, 181, 181, 197, 197, 203, 202, 255, 255]
1649862634.803585, [111, 111, 101, 113, 141, 145, 100, 35, 27, 255]
1649862634.940429, [83, 76, 79, 85, 108, 117, 75, 30, 26, 23]
1649862635.06942, [88, 73, 74, 77, 98, 76, 36, 24, 26, 23]
1649862635.200468, [89, 74, 69, 74, 81, 36, 31, 28, 28, 28]
1649862635.332895, [89, 71, 69, 70, 50, 29, 30, 30, 42, 44]
1649862635.462226, [90, 65, 63, 51, 35, 30, 34, 41, 93, 83]
1649862635.599401, [94, 62, 46, 30, 33, 32, 50, 87, 107, 106]
1649862635.73316, [103, 65, 38, 28, 32, 38, 70, 105, 118, 101]
1649862635.868227, [84, 50, 31, 29, 35, 51, 108, 128, 142, 111]
1649862636.008966, [81, 51, 37, 37, 64, 162, 205, 203, 255, 142]
1649862636.164347, [184, 178, 183, 179, 255, 196, 197, 200, 255, 255]
1649862636.317535, [180, 177, 180, 179, 193, 255, 199, 198, 255, 255]
1649862636.472588, [180, 173, 179, 175, 192, 193, 196, 194, 255, 255]
1649862636.629878, [183, 175, 180, 173, 191, 188, 200, 198, 255, 255]
1649862636.7793012, [183, 177, 179, 177, 192, 194, 201, 198, 255, 255]
1649862636.931465, [180, 173, 180, 174, 192, 193, 201, 198, 255, 255]
