1649862580.042494, [173, 167, 172, 173, 188, 255, 195, 199, 255, 255]
1649862580.2005608, [178, 169, 173, 173, 191, 255, 200, 199, 255, 255]
1649862580.355847, [172, 170, 175, 174, 190, 197, 199, 200, 255, 255]
1649862580.511948, [173, 171, 172, 172, 191, 195, 199, 202, 255, 255]
1649862580.669867, [174, 166, 173, 174, 192, 192, 197, 199, 255, 255]
1649862580.808453, [174, 161, 114, 98, 86, 89, 92, 89, 96, 255]
1649862580.941803, [141, 101, 77, 68, 68, 72, 73, 74, 73, 108]
1649862581.071303, [160, 111, 83, 72, 69, 71, 78, 74, 69, 73]
1649862581.2037692, [148, 99, 72, 62, 67, 74, 77, 77, 66, 65]
1649862581.3375769, [151, 96, 67, 56, 58, 72, 79, 84, 74, 60]
1649862581.474794, [155, 96, 63, 52, 57, 72, 88, 95, 74, 62]
1649862581.604237, [130, 76, 56, 48, 58, 81, 106, 95, 60, 59]
1649862581.7388842, [95, 61, 47, 45, 62, 87, 112, 74, 51, 47]
1649862581.86841, [81, 52, 45, 46, 61, 78, 92, 62, 44, 42]
1649862582.002202, [75, 50, 46, 44, 60, 77, 81, 59, 42, 40]
1649862582.131407, [75, 53, 47, 46, 63, 74, 79, 63, 46, 42]
1649862582.265755, [71, 51, 47, 52, 75, 128, 172, 123, 88, 41]
1649862582.4069061, [59, 92, 148, 169, 182, 163, 156, 151, 149, 74]
1649862582.561882, [177, 169, 177, 169, 192, 195, 201, 199, 255, 161]
1649862582.718681, [173, 170, 175, 172, 190, 191, 197, 198, 255, 255]
1649862582.8733718, [175, 168, 174, 170, 190, 193, 197, 198, 255, 255]
1649862583.034914, [174, 170, 175, 169, 189, 195, 198, 199, 255, 255]
1649862583.19206, [175, 169, 174, 175, 190, 196, 200, 201, 255, 255]
1649862583.346346, [175, 169, 175, 167, 188, 194, 198, 198, 255, 255]
1649862583.503118, [173, 167, 172, 170, 189, 196, 193, 199, 255, 255]
1649862583.6635, [171, 171, 173, 169, 188, 192, 196, 197, 255, 255]
