1649862628.702623, [175, 167, 171, 167, 185, 185, 191, 189, 194, 255]
1649862628.702893, [173, 170, 173, 167, 182, 187, 190, 189, 196, 255]
1649862628.8221152, [174, 169, 169, 169, 183, 185, 190, 191, 192, 255]
1649862629.0474958, [174, 172, 170, 166, 184, 183, 192, 192, 195, 255]
1649862629.125974, [174, 169, 172, 168, 187, 186, 192, 192, 194, 255]
1649862629.280442, [176, 172, 172, 170, 186, 186, 195, 195, 197, 255]
1649862629.435165, [176, 174, 177, 177, 186, 192, 200, 196, 255, 255]
1649862629.6905239, [183, 176, 178, 178, 255, 255, 203, 202, 255, 255]
1649862629.733639, [179, 168, 138, 139, 156, 164, 166, 112, 44, 255]
1649862629.87023, [120, 113, 115, 113, 122, 121, 85, 51, 40, 32]
1649862630.085356, [145, 124, 118, 115, 114, 80, 60, 48, 46, 39]
1649862630.1414652, [153, 121, 115, 104, 93, 65, 58, 52, 53, 49]
1649862630.2982342, [159, 129, 117, 101, 76, 62, 59, 57, 63, 62]
1649862630.411019, [172, 140, 121, 99, 71, 59, 60, 61, 67, 76]
1649862630.5503418, [173, 147, 119, 102, 67, 58, 55, 55, 65, 79]
1649862630.742024, [174, 143, 115, 101, 66, 51, 50, 49, 56, 73]
1649862630.820213, [168, 132, 107, 92, 63, 53, 51, 49, 61, 69]
1649862630.962083, [178, 154, 133, 126, 100, 86, 104, 129, 199, 84]
1649862631.132649, [184, 175, 184, 177, 192, 255, 201, 198, 255, 255]
1649862631.268739, [183, 175, 181, 178, 192, 191, 198, 197, 255, 255]
1649862631.424839, [179, 177, 180, 178, 192, 194, 198, 197, 255, 255]
1649862631.5785139, [182, 180, 179, 176, 194, 255, 202, 200, 255, 255]
1649862631.788121, [185, 176, 181, 177, 191, 192, 201, 202, 255, 255]
1649862631.890147, [183, 178, 180, 177, 192, 192, 201, 194, 255, 255]
