1649862657.5166779, [174, 169, 173, 170, 183, 184, 190, 191, 193, 255]
1649862657.6702569, [174, 169, 173, 169, 182, 186, 188, 190, 193, 255]
1649862657.822932, [176, 172, 174, 173, 184, 184, 192, 193, 194, 255]
1649862657.974132, [177, 172, 173, 172, 186, 190, 192, 184, 171, 255]
1649862658.118865, [74, 51, 52, 88, 165, 169, 181, 159, 95, 145]
1649862658.252608, [69, 46, 39, 46, 71, 120, 118, 81, 58, 63]
1649862658.387281, [110, 72, 54, 53, 68, 80, 83, 75, 75, 57]
1649862658.5208588, [173, 140, 99, 83, 71, 72, 72, 73, 80, 77]
1649862658.663268, [174, 153, 111, 99, 87, 88, 107, 122, 163, 93]
1649862658.814383, [176, 174, 177, 170, 186, 188, 193, 193, 195, 255]
1649862658.966421, [178, 171, 173, 173, 188, 187, 195, 194, 194, 255]
1649862659.1221042, [178, 171, 174, 172, 187, 187, 189, 192, 195, 255]
1649862659.2740202, [175, 169, 172, 169, 187, 186, 187, 188, 194, 255]
1649862659.423786, [176, 170, 171, 170, 186, 184, 190, 191, 195, 255]
1649862659.576457, [172, 171, 171, 169, 186, 186, 191, 192, 195, 255]
1649862659.7281878, [178, 171, 172, 170, 183, 183, 195, 193, 199, 255]
1649862659.881134, [174, 174, 170, 172, 183, 187, 189, 193, 198, 255]
1649862660.0390751, [176, 170, 170, 169, 182, 188, 193, 188, 194, 255]
1649862660.186791, [175, 167, 170, 168, 185, 188, 192, 191, 196, 255]
