1649862638.796395, [184, 176, 182, 176, 194, 197, 204, 200, 255, 255]
1649862638.931542, [180, 174, 179, 178, 195, 193, 201, 199, 255, 255]
1649862639.0918322, [182, 175, 178, 177, 193, 195, 200, 200, 255, 255]
1649862639.2434518, [182, 176, 180, 180, 193, 255, 207, 203, 255, 255]
1649862639.392641, [187, 181, 173, 177, 182, 183, 179, 131, 99, 255]
1649862639.5400681, [165, 157, 149, 142, 152, 158, 148, 116, 78, 84]
1649862639.698443, [150, 131, 127, 122, 133, 137, 125, 94, 70, 56]
1649862639.844064, [175, 151, 147, 136, 132, 126, 114, 91, 76, 61]
1649862639.985638, [180, 163, 156, 143, 135, 115, 107, 87, 76, 67]
1649862640.1351922, [180, 175, 162, 155, 139, 108, 102, 86, 72, 69]
1649862640.271879, [184, 175, 168, 160, 143, 103, 101, 83, 74, 71]
1649862640.4152792, [182, 172, 167, 163, 139, 104, 96, 78, 70, 73]
1649862640.555202, [181, 168, 161, 147, 126, 96, 91, 79, 79, 75]
1649862640.699886, [180, 168, 154, 147, 120, 96, 96, 83, 84, 91]
1649862640.841939, [177, 167, 151, 140, 116, 101, 105, 98, 103, 99]
1649862640.993396, [180, 173, 160, 160, 149, 146, 165, 183, 255, 115]
1649862641.1476438, [184, 177, 181, 175, 188, 194, 199, 200, 255, 255]
1649862641.300215, [180, 175, 179, 174, 192, 195, 195, 198, 255, 255]
1649862641.453082, [180, 173, 178, 173, 189, 189, 192, 194, 198, 255]
1649862641.610312, [179, 170, 173, 173, 190, 193, 195, 195, 199, 255]
1649862641.761712, [176, 171, 177, 176, 192, 190, 195, 197, 255, 255]
1649862641.91576, [177, 170, 175, 176, 191, 190, 191, 197, 255, 255]
1649862642.066108, [175, 170, 174, 169, 189, 188, 193, 193, 255, 255]
